(kicad_pcb (version 20171130) (host pcbnew 5.0.0-fee4fd1~66~ubuntu16.04.1)

  (general
    (thickness 1.6)
    (drawings 96)
    (tracks 1681)
    (zones 0)
    (modules 230)
    (nets 150)
  )

  (page A4)
  (layers
    (0 F.Cu signal)
    (1 In1.Cu power)
    (2 In2.Cu power)
    (31 B.Cu signal)
    (32 B.Adhes user)
    (33 F.Adhes user)
    (34 B.Paste user)
    (35 F.Paste user)
    (36 B.SilkS user)
    (37 F.SilkS user)
    (38 B.Mask user)
    (39 F.Mask user)
    (40 Dwgs.User user)
    (41 Cmts.User user)
    (42 Eco1.User user)
    (43 Eco2.User user)
    (44 Edge.Cuts user)
    (45 Margin user)
    (46 B.CrtYd user)
    (47 F.CrtYd user)
    (48 B.Fab user)
    (49 F.Fab user)
  )

  (setup
    (last_trace_width 0.25)
    (user_trace_width 0.4)
    (user_trace_width 0.5)
    (user_trace_width 0.75)
    (user_trace_width 1)
    (trace_clearance 0.2)
    (zone_clearance 0.508)
    (zone_45_only no)
    (trace_min 0.2)
    (segment_width 0.2)
    (edge_width 0.15)
    (via_size 0.8)
    (via_drill 0.4)
    (via_min_size 0.4)
    (via_min_drill 0.3)
    (uvia_size 0.3)
    (uvia_drill 0.1)
    (uvias_allowed no)
    (uvia_min_size 0.2)
    (uvia_min_drill 0.1)
    (pcb_text_width 0.3)
    (pcb_text_size 1.5 1.5)
    (mod_edge_width 0.15)
    (mod_text_size 1 0.75)
    (mod_text_width 0.15)
    (pad_size 1.524 1.524)
    (pad_drill 0.762)
    (pad_to_mask_clearance 0.051)
    (solder_mask_min_width 0.25)
    (aux_axis_origin 148.49856 105.00868)
    (grid_origin 148.49856 105.00868)
    (visible_elements FFFFFF7F)
    (pcbplotparams
      (layerselection 0x010fc_ffffffff)
      (usegerberextensions false)
      (usegerberattributes false)
      (usegerberadvancedattributes false)
      (creategerberjobfile false)
      (excludeedgelayer true)
      (linewidth 0.100000)
      (plotframeref false)
      (viasonmask false)
      (mode 1)
      (useauxorigin false)
      (hpglpennumber 1)
      (hpglpenspeed 20)
      (hpglpendiameter 15.000000)
      (psnegative false)
      (psa4output false)
      (plotreference true)
      (plotvalue true)
      (plotinvisibletext false)
      (padsonsilk false)
      (subtractmaskfromsilk false)
      (outputformat 1)
      (mirror false)
      (drillshape 1)
      (scaleselection 1)
      (outputdirectory ""))
  )

  (net 0 "")
  (net 1 CV2)
  (net 2 "Net-(C23-Pad1)")
  (net 3 +5V)
  (net 4 CLK0)
  (net 5 "Net-(C19-Pad1)")
  (net 6 "Net-(C20-Pad2)")
  (net 7 END1)
  (net 8 STA1)
  (net 9 VRef-10)
  (net 10 END0)
  (net 11 STA0)
  (net 12 -12V)
  (net 13 RST1)
  (net 14 CLK1)
  (net 15 RST0)
  (net 16 "Net-(C34-Pad1)")
  (net 17 "Net-(C33-Pad1)")
  (net 18 "Net-(C32-Pad1)")
  (net 19 "Net-(C31-Pad1)")
  (net 20 "Net-(C28-Pad1)")
  (net 21 "Net-(C27-Pad1)")
  (net 22 "Net-(C26-Pad1)")
  (net 23 "Net-(C25-Pad1)")
  (net 24 "Net-(C24-Pad1)")
  (net 25 "Net-(D3-Pad2)")
  (net 26 CV0)
  (net 27 "Net-(C10-Pad1)")
  (net 28 CV1)
  (net 29 "Net-(C13-Pad1)")
  (net 30 "Net-(C16-Pad1)")
  (net 31 "Net-(C17-Pad2)")
  (net 32 CV3)
  (net 33 +12V)
  (net 34 TRIG0)
  (net 35 TRIG1)
  (net 36 TRIG2)
  (net 37 TRIG3)
  (net 38 "Net-(C39-Pad1)")
  (net 39 "Net-(C40-Pad1)")
  (net 40 "Net-(U2-Pad7)")
  (net 41 "Net-(C6-Pad2)")
  (net 42 SDA)
  (net 43 SCL)
  (net 44 "Net-(J-Inv9-PadTN)")
  (net 45 "Net-(D2-Pad1)")
  (net 46 "Net-(D1-Pad2)")
  (net 47 "Net-(Q1-Pad1)")
  (net 48 "Net-(Q4-Pad1)")
  (net 49 "Net-(Q3-Pad1)")
  (net 50 "Net-(Q2-Pad1)")
  (net 51 Sense2)
  (net 52 Sense1)
  (net 53 Sense0)
  (net 54 "Net-(D7-Pad2)")
  (net 55 "Net-(D6-Pad2)")
  (net 56 "Net-(D4-Pad2)")
  (net 57 "Net-(J3-Pad5)")
  (net 58 Scan0)
  (net 59 Scan1)
  (net 60 Scan2)
  (net 61 Scan3)
  (net 62 "Net-(D9-Pad2)")
  (net 63 /sheet5C192077/In)
  (net 64 /sheet5C188821/In)
  (net 65 /DigitalIn/In)
  (net 66 "Net-(R29-Pad1)")
  (net 67 /sheet5C1536DC/In)
  (net 68 "Net-(R26-Pad1)")
  (net 69 /sheet5C19208D/In)
  (net 70 "Net-(R24-Pad1)")
  (net 71 /sheet5C1536C4/In)
  (net 72 "Net-(C52-Pad1)")
  (net 73 /sheet5C25BEB7/Out)
  (net 74 "Net-(C52-Pad2)")
  (net 75 "Net-(R105-Pad2)")
  (net 76 "Net-(R102-Pad2)")
  (net 77 "Net-(C51-Pad1)")
  (net 78 "Net-(R101-Pad1)")
  (net 79 "Net-(R100-Pad2)")
  (net 80 "Net-(C51-Pad2)")
  (net 81 "Net-(R98-Pad2)")
  (net 82 "Net-(C50-Pad1)")
  (net 83 "Net-(C49-Pad1)")
  (net 84 "Net-(C48-Pad1)")
  (net 85 "Net-(C47-Pad1)")
  (net 86 "Net-(R92-Pad2)")
  (net 87 /sheet5C25BE94/Out)
  (net 88 "Net-(D15-Pad2)")
  (net 89 "Net-(C44-Pad1)")
  (net 90 /sheet5C25BE7D/Out)
  (net 91 "Net-(C44-Pad2)")
  (net 92 "Net-(R87-Pad2)")
  (net 93 "Net-(R84-Pad2)")
  (net 94 "Net-(C43-Pad1)")
  (net 95 "Net-(R83-Pad1)")
  (net 96 "Net-(R82-Pad2)")
  (net 97 "Net-(C43-Pad2)")
  (net 98 "Net-(R80-Pad2)")
  (net 99 "Net-(C42-Pad1)")
  (net 100 "Net-(C41-Pad1)")
  (net 101 "Net-(R74-Pad2)")
  (net 102 /sheet5C25BE68/Out)
  (net 103 "Net-(D14-Pad2)")
  (net 104 "Net-(C36-Pad1)")
  (net 105 /sheet5C230BC3/Out)
  (net 106 "Net-(C36-Pad2)")
  (net 107 "Net-(R69-Pad2)")
  (net 108 "Net-(R66-Pad2)")
  (net 109 "Net-(C35-Pad1)")
  (net 110 "Net-(R65-Pad1)")
  (net 111 "Net-(R64-Pad2)")
  (net 112 "Net-(C35-Pad2)")
  (net 113 "Net-(R62-Pad2)")
  (net 114 /sheet5C230BAE/Out)
  (net 115 "Net-(R56-Pad2)")
  (net 116 "Net-(D13-Pad2)")
  (net 117 /CVOut/Out)
  (net 118 "Net-(C28-Pad2)")
  (net 119 "Net-(R51-Pad2)")
  (net 120 "Net-(R48-Pad2)")
  (net 121 "Net-(R47-Pad1)")
  (net 122 "Net-(R46-Pad2)")
  (net 123 "Net-(C27-Pad2)")
  (net 124 "Net-(R44-Pad2)")
  (net 125 "Net-(R21-Pad1)")
  (net 126 "Net-(C14-Pad2)")
  (net 127 "Net-(R19-Pad1)")
  (net 128 /sheet5C14AC01/In)
  (net 129 /DigitalOut/Out)
  (net 130 "Net-(R6-Pad2)")
  (net 131 "Net-(R8-Pad1)")
  (net 132 "Net-(C11-Pad2)")
  (net 133 /CVIn/In)
  (net 134 "Net-(R11-Pad1)")
  (net 135 "Net-(R16-Pad1)")
  (net 136 "Net-(D8-Pad2)")
  (net 137 "Net-(D10-Pad1)")
  (net 138 "Net-(SW7-Pad1)")
  (net 139 "Net-(D11-Pad1)")
  (net 140 "Net-(D12-Pad1)")
  (net 141 "Net-(SW8-Pad1)")
  (net 142 "Net-(J-Inv16-PadTN)")
  (net 143 "Net-(J-Inv15-PadTN)")
  (net 144 "Net-(J-Inv14-PadTN)")
  (net 145 "Net-(J-Inv13-PadTN)")
  (net 146 "Net-(J-Inv12-PadTN)")
  (net 147 "Net-(J-Inv11-PadTN)")
  (net 148 "Net-(J-Inv10-PadTN)")
  (net 149 GND)

  (net_class Default "This is the default net class."
    (clearance 0.2)
    (trace_width 0.25)
    (via_dia 0.8)
    (via_drill 0.4)
    (uvia_dia 0.3)
    (uvia_drill 0.1)
    (add_net +12V)
    (add_net +5V)
    (add_net -12V)
    (add_net /CVIn/In)
    (add_net /CVOut/Out)
    (add_net /DigitalIn/In)
    (add_net /DigitalOut/Out)
    (add_net /sheet5C14AC01/In)
    (add_net /sheet5C1536C4/In)
    (add_net /sheet5C1536DC/In)
    (add_net /sheet5C188821/In)
    (add_net /sheet5C192077/In)
    (add_net /sheet5C19208D/In)
    (add_net /sheet5C230BAE/Out)
    (add_net /sheet5C230BC3/Out)
    (add_net /sheet5C25BE68/Out)
    (add_net /sheet5C25BE7D/Out)
    (add_net /sheet5C25BE94/Out)
    (add_net /sheet5C25BEB7/Out)
    (add_net CLK0)
    (add_net CLK1)
    (add_net CV0)
    (add_net CV1)
    (add_net CV2)
    (add_net CV3)
    (add_net END0)
    (add_net END1)
    (add_net GND)
    (add_net "Net-(C10-Pad1)")
    (add_net "Net-(C11-Pad2)")
    (add_net "Net-(C13-Pad1)")
    (add_net "Net-(C14-Pad2)")
    (add_net "Net-(C16-Pad1)")
    (add_net "Net-(C17-Pad2)")
    (add_net "Net-(C19-Pad1)")
    (add_net "Net-(C20-Pad2)")
    (add_net "Net-(C23-Pad1)")
    (add_net "Net-(C24-Pad1)")
    (add_net "Net-(C25-Pad1)")
    (add_net "Net-(C26-Pad1)")
    (add_net "Net-(C27-Pad1)")
    (add_net "Net-(C27-Pad2)")
    (add_net "Net-(C28-Pad1)")
    (add_net "Net-(C28-Pad2)")
    (add_net "Net-(C31-Pad1)")
    (add_net "Net-(C32-Pad1)")
    (add_net "Net-(C33-Pad1)")
    (add_net "Net-(C34-Pad1)")
    (add_net "Net-(C35-Pad1)")
    (add_net "Net-(C35-Pad2)")
    (add_net "Net-(C36-Pad1)")
    (add_net "Net-(C36-Pad2)")
    (add_net "Net-(C39-Pad1)")
    (add_net "Net-(C40-Pad1)")
    (add_net "Net-(C41-Pad1)")
    (add_net "Net-(C42-Pad1)")
    (add_net "Net-(C43-Pad1)")
    (add_net "Net-(C43-Pad2)")
    (add_net "Net-(C44-Pad1)")
    (add_net "Net-(C44-Pad2)")
    (add_net "Net-(C47-Pad1)")
    (add_net "Net-(C48-Pad1)")
    (add_net "Net-(C49-Pad1)")
    (add_net "Net-(C50-Pad1)")
    (add_net "Net-(C51-Pad1)")
    (add_net "Net-(C51-Pad2)")
    (add_net "Net-(C52-Pad1)")
    (add_net "Net-(C52-Pad2)")
    (add_net "Net-(C6-Pad2)")
    (add_net "Net-(D1-Pad2)")
    (add_net "Net-(D10-Pad1)")
    (add_net "Net-(D11-Pad1)")
    (add_net "Net-(D12-Pad1)")
    (add_net "Net-(D13-Pad2)")
    (add_net "Net-(D14-Pad2)")
    (add_net "Net-(D15-Pad2)")
    (add_net "Net-(D2-Pad1)")
    (add_net "Net-(D3-Pad2)")
    (add_net "Net-(D4-Pad2)")
    (add_net "Net-(D6-Pad2)")
    (add_net "Net-(D7-Pad2)")
    (add_net "Net-(D8-Pad2)")
    (add_net "Net-(D9-Pad2)")
    (add_net "Net-(J-Inv10-PadTN)")
    (add_net "Net-(J-Inv11-PadTN)")
    (add_net "Net-(J-Inv12-PadTN)")
    (add_net "Net-(J-Inv13-PadTN)")
    (add_net "Net-(J-Inv14-PadTN)")
    (add_net "Net-(J-Inv15-PadTN)")
    (add_net "Net-(J-Inv16-PadTN)")
    (add_net "Net-(J-Inv9-PadTN)")
    (add_net "Net-(J3-Pad5)")
    (add_net "Net-(Q1-Pad1)")
    (add_net "Net-(Q2-Pad1)")
    (add_net "Net-(Q3-Pad1)")
    (add_net "Net-(Q4-Pad1)")
    (add_net "Net-(R100-Pad2)")
    (add_net "Net-(R101-Pad1)")
    (add_net "Net-(R102-Pad2)")
    (add_net "Net-(R105-Pad2)")
    (add_net "Net-(R11-Pad1)")
    (add_net "Net-(R16-Pad1)")
    (add_net "Net-(R19-Pad1)")
    (add_net "Net-(R21-Pad1)")
    (add_net "Net-(R24-Pad1)")
    (add_net "Net-(R26-Pad1)")
    (add_net "Net-(R29-Pad1)")
    (add_net "Net-(R44-Pad2)")
    (add_net "Net-(R46-Pad2)")
    (add_net "Net-(R47-Pad1)")
    (add_net "Net-(R48-Pad2)")
    (add_net "Net-(R51-Pad2)")
    (add_net "Net-(R56-Pad2)")
    (add_net "Net-(R6-Pad2)")
    (add_net "Net-(R62-Pad2)")
    (add_net "Net-(R64-Pad2)")
    (add_net "Net-(R65-Pad1)")
    (add_net "Net-(R66-Pad2)")
    (add_net "Net-(R69-Pad2)")
    (add_net "Net-(R74-Pad2)")
    (add_net "Net-(R8-Pad1)")
    (add_net "Net-(R80-Pad2)")
    (add_net "Net-(R82-Pad2)")
    (add_net "Net-(R83-Pad1)")
    (add_net "Net-(R84-Pad2)")
    (add_net "Net-(R87-Pad2)")
    (add_net "Net-(R92-Pad2)")
    (add_net "Net-(R98-Pad2)")
    (add_net "Net-(SW7-Pad1)")
    (add_net "Net-(SW8-Pad1)")
    (add_net "Net-(U2-Pad7)")
    (add_net RST0)
    (add_net RST1)
    (add_net SCL)
    (add_net SDA)
    (add_net STA0)
    (add_net STA1)
    (add_net Scan0)
    (add_net Scan1)
    (add_net Scan2)
    (add_net Scan3)
    (add_net Sense0)
    (add_net Sense1)
    (add_net Sense2)
    (add_net TRIG0)
    (add_net TRIG1)
    (add_net TRIG2)
    (add_net TRIG3)
    (add_net VRef-10)
  )

  (module Button_Switch_THT:SW_PUSH_6mm_H9.5mm (layer F.Cu) (tedit 5A02FE31) (tstamp 5C1A7E52)
    (at 145.324 145.903)
    (descr "tactile push button, 6x6mm e.g. PHAP33xx series, height=9.5mm")
    (tags "tact sw push 6mm")
    (path /5C0205ED/5BAD54C1)
    (fp_text reference SW1 (at 3.25 -2) (layer F.SilkS)
      (effects (font (size 0.75 1) (thickness 0.15)))
    )
    (fp_text value SW_Push (at 3.75 6.7) (layer F.Fab)
      (effects (font (size 0.75 1) (thickness 0.15)))
    )
    (fp_text user %R (at 3.25 2.25) (layer F.Fab)
      (effects (font (size 1 1) (thickness 0.15)))
    )
    (fp_line (start 3.25 -0.75) (end 6.25 -0.75) (layer F.Fab) (width 0.1))
    (fp_line (start 6.25 -0.75) (end 6.25 5.25) (layer F.Fab) (width 0.1))
    (fp_line (start 6.25 5.25) (end 0.25 5.25) (layer F.Fab) (width 0.1))
    (fp_line (start 0.25 5.25) (end 0.25 -0.75) (layer F.Fab) (width 0.1))
    (fp_line (start 0.25 -0.75) (end 3.25 -0.75) (layer F.Fab) (width 0.1))
    (fp_line (start 7.75 6) (end 8 6) (layer F.CrtYd) (width 0.05))
    (fp_line (start 8 6) (end 8 5.75) (layer F.CrtYd) (width 0.05))
    (fp_line (start 7.75 -1.5) (end 8 -1.5) (layer F.CrtYd) (width 0.05))
    (fp_line (start 8 -1.5) (end 8 -1.25) (layer F.CrtYd) (width 0.05))
    (fp_line (start -1.5 -1.25) (end -1.5 -1.5) (layer F.CrtYd) (width 0.05))
    (fp_line (start -1.5 -1.5) (end -1.25 -1.5) (layer F.CrtYd) (width 0.05))
    (fp_line (start -1.5 5.75) (end -1.5 6) (layer F.CrtYd) (width 0.05))
    (fp_line (start -1.5 6) (end -1.25 6) (layer F.CrtYd) (width 0.05))
    (fp_line (start -1.25 -1.5) (end 7.75 -1.5) (layer F.CrtYd) (width 0.05))
    (fp_line (start -1.5 5.75) (end -1.5 -1.25) (layer F.CrtYd) (width 0.05))
    (fp_line (start 7.75 6) (end -1.25 6) (layer F.CrtYd) (width 0.05))
    (fp_line (start 8 -1.25) (end 8 5.75) (layer F.CrtYd) (width 0.05))
    (fp_line (start 1 5.5) (end 5.5 5.5) (layer F.SilkS) (width 0.12))
    (fp_line (start -0.25 1.5) (end -0.25 3) (layer F.SilkS) (width 0.12))
    (fp_line (start 5.5 -1) (end 1 -1) (layer F.SilkS) (width 0.12))
    (fp_line (start 6.75 3) (end 6.75 1.5) (layer F.SilkS) (width 0.12))
    (fp_circle (center 3.25 2.25) (end 1.25 2.5) (layer F.Fab) (width 0.1))
    (pad 2 thru_hole circle (at 0 4.5 90) (size 2 2) (drill 1.1) (layers *.Cu *.Mask)
      (net 149 GND))
    (pad 1 thru_hole circle (at 0 0 90) (size 2 2) (drill 1.1) (layers *.Cu *.Mask)
      (net 57 "Net-(J3-Pad5)"))
    (pad 2 thru_hole circle (at 6.5 4.5 90) (size 2 2) (drill 1.1) (layers *.Cu *.Mask)
      (net 149 GND))
    (pad 1 thru_hole circle (at 6.5 0 90) (size 2 2) (drill 1.1) (layers *.Cu *.Mask)
      (net 57 "Net-(J3-Pad5)"))
    (model ${KISYS3DMOD}/Button_Switch_THT.3dshapes/SW_PUSH_6mm_H9.5mm.wrl
      (at (xyz 0 0 0))
      (scale (xyz 1 1 1))
      (rotate (xyz 0 0 0))
    )
  )

  (module Capacitor_SMD:CP_Elec_4x5.8 (layer B.Cu) (tedit 5B3026A2) (tstamp 5C1A3B62)
    (at 168.819 76.8147 270)
    (descr "SMT capacitor, aluminium electrolytic, 4x5.8, Panasonic ")
    (tags "Capacitor Electrolytic")
    (path /5C020543/5B8C4434)
    (attr smd)
    (fp_text reference C1 (at -4.19102 0.00044) (layer B.SilkS)
      (effects (font (size 0.75 1) (thickness 0.15)) (justify mirror))
    )
    (fp_text value 10u (at 0 -3.2 270) (layer B.Fab)
      (effects (font (size 0.75 1) (thickness 0.15)) (justify mirror))
    )
    (fp_circle (center 0 0) (end 2 0) (layer B.Fab) (width 0.1))
    (fp_line (start 2.15 2.15) (end 2.15 -2.15) (layer B.Fab) (width 0.1))
    (fp_line (start -1.15 2.15) (end 2.15 2.15) (layer B.Fab) (width 0.1))
    (fp_line (start -1.15 -2.15) (end 2.15 -2.15) (layer B.Fab) (width 0.1))
    (fp_line (start -2.15 1.15) (end -2.15 -1.15) (layer B.Fab) (width 0.1))
    (fp_line (start -2.15 1.15) (end -1.15 2.15) (layer B.Fab) (width 0.1))
    (fp_line (start -2.15 -1.15) (end -1.15 -2.15) (layer B.Fab) (width 0.1))
    (fp_line (start -1.574773 1) (end -1.174773 1) (layer B.Fab) (width 0.1))
    (fp_line (start -1.374773 1.2) (end -1.374773 0.8) (layer B.Fab) (width 0.1))
    (fp_line (start 2.26 -2.26) (end 2.26 -1.06) (layer B.SilkS) (width 0.12))
    (fp_line (start 2.26 2.26) (end 2.26 1.06) (layer B.SilkS) (width 0.12))
    (fp_line (start -1.195563 2.26) (end 2.26 2.26) (layer B.SilkS) (width 0.12))
    (fp_line (start -1.195563 -2.26) (end 2.26 -2.26) (layer B.SilkS) (width 0.12))
    (fp_line (start -2.26 -1.195563) (end -2.26 -1.06) (layer B.SilkS) (width 0.12))
    (fp_line (start -2.26 1.195563) (end -2.26 1.06) (layer B.SilkS) (width 0.12))
    (fp_line (start -2.26 1.195563) (end -1.195563 2.26) (layer B.SilkS) (width 0.12))
    (fp_line (start -2.26 -1.195563) (end -1.195563 -2.26) (layer B.SilkS) (width 0.12))
    (fp_line (start -3 1.56) (end -2.5 1.56) (layer B.SilkS) (width 0.12))
    (fp_line (start -2.75 1.81) (end -2.75 1.31) (layer B.SilkS) (width 0.12))
    (fp_line (start 2.4 2.4) (end 2.4 1.05) (layer B.CrtYd) (width 0.05))
    (fp_line (start 2.4 1.05) (end 3.35 1.05) (layer B.CrtYd) (width 0.05))
    (fp_line (start 3.35 1.05) (end 3.35 -1.05) (layer B.CrtYd) (width 0.05))
    (fp_line (start 3.35 -1.05) (end 2.4 -1.05) (layer B.CrtYd) (width 0.05))
    (fp_line (start 2.4 -1.05) (end 2.4 -2.4) (layer B.CrtYd) (width 0.05))
    (fp_line (start -1.25 -2.4) (end 2.4 -2.4) (layer B.CrtYd) (width 0.05))
    (fp_line (start -1.25 2.4) (end 2.4 2.4) (layer B.CrtYd) (width 0.05))
    (fp_line (start -2.4 -1.25) (end -1.25 -2.4) (layer B.CrtYd) (width 0.05))
    (fp_line (start -2.4 1.25) (end -1.25 2.4) (layer B.CrtYd) (width 0.05))
    (fp_line (start -2.4 1.25) (end -2.4 1.05) (layer B.CrtYd) (width 0.05))
    (fp_line (start -2.4 -1.05) (end -2.4 -1.25) (layer B.CrtYd) (width 0.05))
    (fp_line (start -2.4 1.05) (end -3.35 1.05) (layer B.CrtYd) (width 0.05))
    (fp_line (start -3.35 1.05) (end -3.35 -1.05) (layer B.CrtYd) (width 0.05))
    (fp_line (start -3.35 -1.05) (end -2.4 -1.05) (layer B.CrtYd) (width 0.05))
    (fp_text user %R (at 0 0 270) (layer B.Fab)
      (effects (font (size 0.8 0.8) (thickness 0.12)) (justify mirror))
    )
    (pad 1 smd rect (at -1.8 0 270) (size 2.6 1.6) (layers B.Cu B.Paste B.Mask)
      (net 33 +12V))
    (pad 2 smd rect (at 1.8 0 270) (size 2.6 1.6) (layers B.Cu B.Paste B.Mask)
      (net 149 GND))
    (model ${KISYS3DMOD}/Capacitor_SMD.3dshapes/CP_Elec_4x5.8.wrl
      (at (xyz 0 0 0))
      (scale (xyz 1 1 1))
      (rotate (xyz 0 0 0))
    )
  )

  (module Capacitor_SMD:CP_Elec_4x5.8 (layer B.Cu) (tedit 5B3026A2) (tstamp 5C1A3B3A)
    (at 189.139 76.8147 270)
    (descr "SMT capacitor, aluminium electrolytic, 4x5.8, Panasonic ")
    (tags "Capacitor Electrolytic")
    (path /5C020543/5B8C4452)
    (attr smd)
    (fp_text reference C2 (at -4.19102 0.00044) (layer B.SilkS)
      (effects (font (size 0.75 1) (thickness 0.15)) (justify mirror))
    )
    (fp_text value 10u (at 0 -3.2 270) (layer B.Fab)
      (effects (font (size 0.75 1) (thickness 0.15)) (justify mirror))
    )
    (fp_text user %R (at 0 0 270) (layer B.Fab)
      (effects (font (size 0.8 0.8) (thickness 0.12)) (justify mirror))
    )
    (fp_line (start -3.35 -1.05) (end -2.4 -1.05) (layer B.CrtYd) (width 0.05))
    (fp_line (start -3.35 1.05) (end -3.35 -1.05) (layer B.CrtYd) (width 0.05))
    (fp_line (start -2.4 1.05) (end -3.35 1.05) (layer B.CrtYd) (width 0.05))
    (fp_line (start -2.4 -1.05) (end -2.4 -1.25) (layer B.CrtYd) (width 0.05))
    (fp_line (start -2.4 1.25) (end -2.4 1.05) (layer B.CrtYd) (width 0.05))
    (fp_line (start -2.4 1.25) (end -1.25 2.4) (layer B.CrtYd) (width 0.05))
    (fp_line (start -2.4 -1.25) (end -1.25 -2.4) (layer B.CrtYd) (width 0.05))
    (fp_line (start -1.25 2.4) (end 2.4 2.4) (layer B.CrtYd) (width 0.05))
    (fp_line (start -1.25 -2.4) (end 2.4 -2.4) (layer B.CrtYd) (width 0.05))
    (fp_line (start 2.4 -1.05) (end 2.4 -2.4) (layer B.CrtYd) (width 0.05))
    (fp_line (start 3.35 -1.05) (end 2.4 -1.05) (layer B.CrtYd) (width 0.05))
    (fp_line (start 3.35 1.05) (end 3.35 -1.05) (layer B.CrtYd) (width 0.05))
    (fp_line (start 2.4 1.05) (end 3.35 1.05) (layer B.CrtYd) (width 0.05))
    (fp_line (start 2.4 2.4) (end 2.4 1.05) (layer B.CrtYd) (width 0.05))
    (fp_line (start -2.75 1.81) (end -2.75 1.31) (layer B.SilkS) (width 0.12))
    (fp_line (start -3 1.56) (end -2.5 1.56) (layer B.SilkS) (width 0.12))
    (fp_line (start -2.26 -1.195563) (end -1.195563 -2.26) (layer B.SilkS) (width 0.12))
    (fp_line (start -2.26 1.195563) (end -1.195563 2.26) (layer B.SilkS) (width 0.12))
    (fp_line (start -2.26 1.195563) (end -2.26 1.06) (layer B.SilkS) (width 0.12))
    (fp_line (start -2.26 -1.195563) (end -2.26 -1.06) (layer B.SilkS) (width 0.12))
    (fp_line (start -1.195563 -2.26) (end 2.26 -2.26) (layer B.SilkS) (width 0.12))
    (fp_line (start -1.195563 2.26) (end 2.26 2.26) (layer B.SilkS) (width 0.12))
    (fp_line (start 2.26 2.26) (end 2.26 1.06) (layer B.SilkS) (width 0.12))
    (fp_line (start 2.26 -2.26) (end 2.26 -1.06) (layer B.SilkS) (width 0.12))
    (fp_line (start -1.374773 1.2) (end -1.374773 0.8) (layer B.Fab) (width 0.1))
    (fp_line (start -1.574773 1) (end -1.174773 1) (layer B.Fab) (width 0.1))
    (fp_line (start -2.15 -1.15) (end -1.15 -2.15) (layer B.Fab) (width 0.1))
    (fp_line (start -2.15 1.15) (end -1.15 2.15) (layer B.Fab) (width 0.1))
    (fp_line (start -2.15 1.15) (end -2.15 -1.15) (layer B.Fab) (width 0.1))
    (fp_line (start -1.15 -2.15) (end 2.15 -2.15) (layer B.Fab) (width 0.1))
    (fp_line (start -1.15 2.15) (end 2.15 2.15) (layer B.Fab) (width 0.1))
    (fp_line (start 2.15 2.15) (end 2.15 -2.15) (layer B.Fab) (width 0.1))
    (fp_circle (center 0 0) (end 2 0) (layer B.Fab) (width 0.1))
    (pad 2 smd rect (at 1.8 0 270) (size 2.6 1.6) (layers B.Cu B.Paste B.Mask)
      (net 12 -12V))
    (pad 1 smd rect (at -1.8 0 270) (size 2.6 1.6) (layers B.Cu B.Paste B.Mask)
      (net 149 GND))
    (model ${KISYS3DMOD}/Capacitor_SMD.3dshapes/CP_Elec_4x5.8.wrl
      (at (xyz 0 0 0))
      (scale (xyz 1 1 1))
      (rotate (xyz 0 0 0))
    )
  )

  (module Capacitor_SMD:CP_Elec_4x5.8 (layer B.Cu) (tedit 5B3026A2) (tstamp 5C1A3B12)
    (at 128.179 76.8147 270)
    (descr "SMT capacitor, aluminium electrolytic, 4x5.8, Panasonic ")
    (tags "Capacitor Electrolytic")
    (path /5C020543/5B8C4492)
    (attr smd)
    (fp_text reference C5 (at 0 3.2 270) (layer B.SilkS)
      (effects (font (size 0.75 1) (thickness 0.15)) (justify mirror))
    )
    (fp_text value 10u (at 0 -3.2 270) (layer B.Fab)
      (effects (font (size 0.75 1) (thickness 0.15)) (justify mirror))
    )
    (fp_circle (center 0 0) (end 2 0) (layer B.Fab) (width 0.1))
    (fp_line (start 2.15 2.15) (end 2.15 -2.15) (layer B.Fab) (width 0.1))
    (fp_line (start -1.15 2.15) (end 2.15 2.15) (layer B.Fab) (width 0.1))
    (fp_line (start -1.15 -2.15) (end 2.15 -2.15) (layer B.Fab) (width 0.1))
    (fp_line (start -2.15 1.15) (end -2.15 -1.15) (layer B.Fab) (width 0.1))
    (fp_line (start -2.15 1.15) (end -1.15 2.15) (layer B.Fab) (width 0.1))
    (fp_line (start -2.15 -1.15) (end -1.15 -2.15) (layer B.Fab) (width 0.1))
    (fp_line (start -1.574773 1) (end -1.174773 1) (layer B.Fab) (width 0.1))
    (fp_line (start -1.374773 1.2) (end -1.374773 0.8) (layer B.Fab) (width 0.1))
    (fp_line (start 2.26 -2.26) (end 2.26 -1.06) (layer B.SilkS) (width 0.12))
    (fp_line (start 2.26 2.26) (end 2.26 1.06) (layer B.SilkS) (width 0.12))
    (fp_line (start -1.195563 2.26) (end 2.26 2.26) (layer B.SilkS) (width 0.12))
    (fp_line (start -1.195563 -2.26) (end 2.26 -2.26) (layer B.SilkS) (width 0.12))
    (fp_line (start -2.26 -1.195563) (end -2.26 -1.06) (layer B.SilkS) (width 0.12))
    (fp_line (start -2.26 1.195563) (end -2.26 1.06) (layer B.SilkS) (width 0.12))
    (fp_line (start -2.26 1.195563) (end -1.195563 2.26) (layer B.SilkS) (width 0.12))
    (fp_line (start -2.26 -1.195563) (end -1.195563 -2.26) (layer B.SilkS) (width 0.12))
    (fp_line (start -3 1.56) (end -2.5 1.56) (layer B.SilkS) (width 0.12))
    (fp_line (start -2.75 1.81) (end -2.75 1.31) (layer B.SilkS) (width 0.12))
    (fp_line (start 2.4 2.4) (end 2.4 1.05) (layer B.CrtYd) (width 0.05))
    (fp_line (start 2.4 1.05) (end 3.35 1.05) (layer B.CrtYd) (width 0.05))
    (fp_line (start 3.35 1.05) (end 3.35 -1.05) (layer B.CrtYd) (width 0.05))
    (fp_line (start 3.35 -1.05) (end 2.4 -1.05) (layer B.CrtYd) (width 0.05))
    (fp_line (start 2.4 -1.05) (end 2.4 -2.4) (layer B.CrtYd) (width 0.05))
    (fp_line (start -1.25 -2.4) (end 2.4 -2.4) (layer B.CrtYd) (width 0.05))
    (fp_line (start -1.25 2.4) (end 2.4 2.4) (layer B.CrtYd) (width 0.05))
    (fp_line (start -2.4 -1.25) (end -1.25 -2.4) (layer B.CrtYd) (width 0.05))
    (fp_line (start -2.4 1.25) (end -1.25 2.4) (layer B.CrtYd) (width 0.05))
    (fp_line (start -2.4 1.25) (end -2.4 1.05) (layer B.CrtYd) (width 0.05))
    (fp_line (start -2.4 -1.05) (end -2.4 -1.25) (layer B.CrtYd) (width 0.05))
    (fp_line (start -2.4 1.05) (end -3.35 1.05) (layer B.CrtYd) (width 0.05))
    (fp_line (start -3.35 1.05) (end -3.35 -1.05) (layer B.CrtYd) (width 0.05))
    (fp_line (start -3.35 -1.05) (end -2.4 -1.05) (layer B.CrtYd) (width 0.05))
    (fp_text user %R (at 0 0 270) (layer B.Fab)
      (effects (font (size 0.8 0.8) (thickness 0.12)) (justify mirror))
    )
    (pad 1 smd rect (at -1.8 0 270) (size 2.6 1.6) (layers B.Cu B.Paste B.Mask)
      (net 3 +5V))
    (pad 2 smd rect (at 1.8 0 270) (size 2.6 1.6) (layers B.Cu B.Paste B.Mask)
      (net 149 GND))
    (model ${KISYS3DMOD}/Capacitor_SMD.3dshapes/CP_Elec_4x5.8.wrl
      (at (xyz 0 0 0))
      (scale (xyz 1 1 1))
      (rotate (xyz 0 0 0))
    )
  )

  (module Capacitor_SMD:C_0603_1608Metric (layer B.Cu) (tedit 5B301BBE) (tstamp 5C1A3AEA)
    (at 158.913 76.8147)
    (descr "Capacitor SMD 0603 (1608 Metric), square (rectangular) end terminal, IPC_7351 nominal, (Body size source: http://www.tortai-tech.com/upload/download/2011102023233369053.pdf), generated with kicad-footprint-generator")
    (tags capacitor)
    (path /5C020543/5B8C44DC)
    (attr smd)
    (fp_text reference C4 (at 0 -1.27002) (layer B.SilkS)
      (effects (font (size 0.75 1) (thickness 0.15)) (justify mirror))
    )
    (fp_text value 100n (at 0 -1.43) (layer B.Fab)
      (effects (font (size 0.75 1) (thickness 0.15)) (justify mirror))
    )
    (fp_line (start -0.8 -0.4) (end -0.8 0.4) (layer B.Fab) (width 0.1))
    (fp_line (start -0.8 0.4) (end 0.8 0.4) (layer B.Fab) (width 0.1))
    (fp_line (start 0.8 0.4) (end 0.8 -0.4) (layer B.Fab) (width 0.1))
    (fp_line (start 0.8 -0.4) (end -0.8 -0.4) (layer B.Fab) (width 0.1))
    (fp_line (start -0.162779 0.51) (end 0.162779 0.51) (layer B.SilkS) (width 0.12))
    (fp_line (start -0.162779 -0.51) (end 0.162779 -0.51) (layer B.SilkS) (width 0.12))
    (fp_line (start -1.48 -0.73) (end -1.48 0.73) (layer B.CrtYd) (width 0.05))
    (fp_line (start -1.48 0.73) (end 1.48 0.73) (layer B.CrtYd) (width 0.05))
    (fp_line (start 1.48 0.73) (end 1.48 -0.73) (layer B.CrtYd) (width 0.05))
    (fp_line (start 1.48 -0.73) (end -1.48 -0.73) (layer B.CrtYd) (width 0.05))
    (fp_text user %R (at 0 0) (layer B.Fab)
      (effects (font (size 0.4 0.4) (thickness 0.06)) (justify mirror))
    )
    (pad 1 smd roundrect (at -0.7875 0) (size 0.875 0.95) (layers B.Cu B.Paste B.Mask) (roundrect_rratio 0.25)
      (net 3 +5V))
    (pad 2 smd roundrect (at 0.7875 0) (size 0.875 0.95) (layers B.Cu B.Paste B.Mask) (roundrect_rratio 0.25)
      (net 149 GND))
    (model ${KISYS3DMOD}/Capacitor_SMD.3dshapes/C_0603_1608Metric.wrl
      (at (xyz 0 0 0))
      (scale (xyz 1 1 1))
      (rotate (xyz 0 0 0))
    )
  )

  (module Capacitor_SMD:C_0603_1608Metric (layer B.Cu) (tedit 5B301BBE) (tstamp 5C1A3AD9)
    (at 139.355 131.425)
    (descr "Capacitor SMD 0603 (1608 Metric), square (rectangular) end terminal, IPC_7351 nominal, (Body size source: http://www.tortai-tech.com/upload/download/2011102023233369053.pdf), generated with kicad-footprint-generator")
    (tags capacitor)
    (path /5C0205ED/5B9B7324)
    (attr smd)
    (fp_text reference C6 (at 0 -1.39732) (layer B.SilkS)
      (effects (font (size 0.75 1) (thickness 0.15)) (justify mirror))
    )
    (fp_text value 100n (at 0 -1.43) (layer B.Fab)
      (effects (font (size 0.75 1) (thickness 0.15)) (justify mirror))
    )
    (fp_text user %R (at 0 0) (layer B.Fab)
      (effects (font (size 0.4 0.4) (thickness 0.06)) (justify mirror))
    )
    (fp_line (start 1.48 -0.73) (end -1.48 -0.73) (layer B.CrtYd) (width 0.05))
    (fp_line (start 1.48 0.73) (end 1.48 -0.73) (layer B.CrtYd) (width 0.05))
    (fp_line (start -1.48 0.73) (end 1.48 0.73) (layer B.CrtYd) (width 0.05))
    (fp_line (start -1.48 -0.73) (end -1.48 0.73) (layer B.CrtYd) (width 0.05))
    (fp_line (start -0.162779 -0.51) (end 0.162779 -0.51) (layer B.SilkS) (width 0.12))
    (fp_line (start -0.162779 0.51) (end 0.162779 0.51) (layer B.SilkS) (width 0.12))
    (fp_line (start 0.8 -0.4) (end -0.8 -0.4) (layer B.Fab) (width 0.1))
    (fp_line (start 0.8 0.4) (end 0.8 -0.4) (layer B.Fab) (width 0.1))
    (fp_line (start -0.8 0.4) (end 0.8 0.4) (layer B.Fab) (width 0.1))
    (fp_line (start -0.8 -0.4) (end -0.8 0.4) (layer B.Fab) (width 0.1))
    (pad 2 smd roundrect (at 0.7875 0) (size 0.875 0.95) (layers B.Cu B.Paste B.Mask) (roundrect_rratio 0.25)
      (net 41 "Net-(C6-Pad2)"))
    (pad 1 smd roundrect (at -0.7875 0) (size 0.875 0.95) (layers B.Cu B.Paste B.Mask) (roundrect_rratio 0.25)
      (net 149 GND))
    (model ${KISYS3DMOD}/Capacitor_SMD.3dshapes/C_0603_1608Metric.wrl
      (at (xyz 0 0 0))
      (scale (xyz 1 1 1))
      (rotate (xyz 0 0 0))
    )
  )

  (module Capacitor_SMD:C_0603_1608Metric (layer B.Cu) (tedit 5B301BBE) (tstamp 5C1A3AC8)
    (at 154.595 120.249)
    (descr "Capacitor SMD 0603 (1608 Metric), square (rectangular) end terminal, IPC_7351 nominal, (Body size source: http://www.tortai-tech.com/upload/download/2011102023233369053.pdf), generated with kicad-footprint-generator")
    (tags capacitor)
    (path /5C0205ED/5BAD54BB)
    (attr smd)
    (fp_text reference C7 (at 0 -1.27032) (layer B.SilkS)
      (effects (font (size 0.75 1) (thickness 0.15)) (justify mirror))
    )
    (fp_text value 100n (at 0 -1.43) (layer B.Fab)
      (effects (font (size 0.75 1) (thickness 0.15)) (justify mirror))
    )
    (fp_line (start -0.8 -0.4) (end -0.8 0.4) (layer B.Fab) (width 0.1))
    (fp_line (start -0.8 0.4) (end 0.8 0.4) (layer B.Fab) (width 0.1))
    (fp_line (start 0.8 0.4) (end 0.8 -0.4) (layer B.Fab) (width 0.1))
    (fp_line (start 0.8 -0.4) (end -0.8 -0.4) (layer B.Fab) (width 0.1))
    (fp_line (start -0.162779 0.51) (end 0.162779 0.51) (layer B.SilkS) (width 0.12))
    (fp_line (start -0.162779 -0.51) (end 0.162779 -0.51) (layer B.SilkS) (width 0.12))
    (fp_line (start -1.48 -0.73) (end -1.48 0.73) (layer B.CrtYd) (width 0.05))
    (fp_line (start -1.48 0.73) (end 1.48 0.73) (layer B.CrtYd) (width 0.05))
    (fp_line (start 1.48 0.73) (end 1.48 -0.73) (layer B.CrtYd) (width 0.05))
    (fp_line (start 1.48 -0.73) (end -1.48 -0.73) (layer B.CrtYd) (width 0.05))
    (fp_text user %R (at 0 0) (layer B.Fab)
      (effects (font (size 0.4 0.4) (thickness 0.06)) (justify mirror))
    )
    (pad 1 smd roundrect (at -0.7875 0) (size 0.875 0.95) (layers B.Cu B.Paste B.Mask) (roundrect_rratio 0.25)
      (net 3 +5V))
    (pad 2 smd roundrect (at 0.7875 0) (size 0.875 0.95) (layers B.Cu B.Paste B.Mask) (roundrect_rratio 0.25)
      (net 149 GND))
    (model ${KISYS3DMOD}/Capacitor_SMD.3dshapes/C_0603_1608Metric.wrl
      (at (xyz 0 0 0))
      (scale (xyz 1 1 1))
      (rotate (xyz 0 0 0))
    )
  )

  (module Capacitor_SMD:C_0603_1608Metric (layer B.Cu) (tedit 5B301BBE) (tstamp 5C1A3AB7)
    (at 142.149 134.473)
    (descr "Capacitor SMD 0603 (1608 Metric), square (rectangular) end terminal, IPC_7351 nominal, (Body size source: http://www.tortai-tech.com/upload/download/2011102023233369053.pdf), generated with kicad-footprint-generator")
    (tags capacitor)
    (path /5C0205ED/5BAD54BC)
    (attr smd)
    (fp_text reference C8 (at 0 -1.27032) (layer B.SilkS)
      (effects (font (size 0.75 1) (thickness 0.15)) (justify mirror))
    )
    (fp_text value 100n (at 0 -1.43) (layer B.Fab)
      (effects (font (size 0.75 1) (thickness 0.15)) (justify mirror))
    )
    (fp_text user %R (at 0 0) (layer B.Fab)
      (effects (font (size 0.4 0.4) (thickness 0.06)) (justify mirror))
    )
    (fp_line (start 1.48 -0.73) (end -1.48 -0.73) (layer B.CrtYd) (width 0.05))
    (fp_line (start 1.48 0.73) (end 1.48 -0.73) (layer B.CrtYd) (width 0.05))
    (fp_line (start -1.48 0.73) (end 1.48 0.73) (layer B.CrtYd) (width 0.05))
    (fp_line (start -1.48 -0.73) (end -1.48 0.73) (layer B.CrtYd) (width 0.05))
    (fp_line (start -0.162779 -0.51) (end 0.162779 -0.51) (layer B.SilkS) (width 0.12))
    (fp_line (start -0.162779 0.51) (end 0.162779 0.51) (layer B.SilkS) (width 0.12))
    (fp_line (start 0.8 -0.4) (end -0.8 -0.4) (layer B.Fab) (width 0.1))
    (fp_line (start 0.8 0.4) (end 0.8 -0.4) (layer B.Fab) (width 0.1))
    (fp_line (start -0.8 0.4) (end 0.8 0.4) (layer B.Fab) (width 0.1))
    (fp_line (start -0.8 -0.4) (end -0.8 0.4) (layer B.Fab) (width 0.1))
    (pad 2 smd roundrect (at 0.7875 0) (size 0.875 0.95) (layers B.Cu B.Paste B.Mask) (roundrect_rratio 0.25)
      (net 3 +5V))
    (pad 1 smd roundrect (at -0.7875 0) (size 0.875 0.95) (layers B.Cu B.Paste B.Mask) (roundrect_rratio 0.25)
      (net 149 GND))
    (model ${KISYS3DMOD}/Capacitor_SMD.3dshapes/C_0603_1608Metric.wrl
      (at (xyz 0 0 0))
      (scale (xyz 1 1 1))
      (rotate (xyz 0 0 0))
    )
  )

  (module Capacitor_SMD:C_0603_1608Metric (layer B.Cu) (tedit 5B301BBE) (tstamp 5C1A3AA6)
    (at 104.811 121.519 180)
    (descr "Capacitor SMD 0603 (1608 Metric), square (rectangular) end terminal, IPC_7351 nominal, (Body size source: http://www.tortai-tech.com/upload/download/2011102023233369053.pdf), generated with kicad-footprint-generator")
    (tags capacitor)
    (path /5C04B8F2/5C777C22)
    (attr smd)
    (fp_text reference C9 (at 0 1.43 180) (layer B.SilkS)
      (effects (font (size 0.75 1) (thickness 0.15)) (justify mirror))
    )
    (fp_text value 100n (at 0 -1.43 180) (layer B.Fab)
      (effects (font (size 0.75 1) (thickness 0.15)) (justify mirror))
    )
    (fp_line (start -0.8 -0.4) (end -0.8 0.4) (layer B.Fab) (width 0.1))
    (fp_line (start -0.8 0.4) (end 0.8 0.4) (layer B.Fab) (width 0.1))
    (fp_line (start 0.8 0.4) (end 0.8 -0.4) (layer B.Fab) (width 0.1))
    (fp_line (start 0.8 -0.4) (end -0.8 -0.4) (layer B.Fab) (width 0.1))
    (fp_line (start -0.162779 0.51) (end 0.162779 0.51) (layer B.SilkS) (width 0.12))
    (fp_line (start -0.162779 -0.51) (end 0.162779 -0.51) (layer B.SilkS) (width 0.12))
    (fp_line (start -1.48 -0.73) (end -1.48 0.73) (layer B.CrtYd) (width 0.05))
    (fp_line (start -1.48 0.73) (end 1.48 0.73) (layer B.CrtYd) (width 0.05))
    (fp_line (start 1.48 0.73) (end 1.48 -0.73) (layer B.CrtYd) (width 0.05))
    (fp_line (start 1.48 -0.73) (end -1.48 -0.73) (layer B.CrtYd) (width 0.05))
    (fp_text user %R (at 0 0 180) (layer B.Fab)
      (effects (font (size 0.4 0.4) (thickness 0.06)) (justify mirror))
    )
    (pad 1 smd roundrect (at -0.7875 0 180) (size 0.875 0.95) (layers B.Cu B.Paste B.Mask) (roundrect_rratio 0.25)
      (net 3 +5V))
    (pad 2 smd roundrect (at 0.7875 0 180) (size 0.875 0.95) (layers B.Cu B.Paste B.Mask) (roundrect_rratio 0.25)
      (net 149 GND))
    (model ${KISYS3DMOD}/Capacitor_SMD.3dshapes/C_0603_1608Metric.wrl
      (at (xyz 0 0 0))
      (scale (xyz 1 1 1))
      (rotate (xyz 0 0 0))
    )
  )

  (module Capacitor_SMD:C_0603_1608Metric (layer B.Cu) (tedit 5B301BBE) (tstamp 5C20DEFD)
    (at 107.859 89.0067 180)
    (descr "Capacitor SMD 0603 (1608 Metric), square (rectangular) end terminal, IPC_7351 nominal, (Body size source: http://www.tortai-tech.com/upload/download/2011102023233369053.pdf), generated with kicad-footprint-generator")
    (tags capacitor)
    (path /5C04B8F2/5C76C5E1)
    (attr smd)
    (fp_text reference C10 (at 0 1.43 180) (layer B.SilkS)
      (effects (font (size 0.75 1) (thickness 0.15)) (justify mirror))
    )
    (fp_text value 100n (at 0 -1.43 180) (layer B.Fab)
      (effects (font (size 0.75 1) (thickness 0.15)) (justify mirror))
    )
    (fp_text user %R (at 0 0 180) (layer B.Fab)
      (effects (font (size 0.4 0.4) (thickness 0.06)) (justify mirror))
    )
    (fp_line (start 1.48 -0.73) (end -1.48 -0.73) (layer B.CrtYd) (width 0.05))
    (fp_line (start 1.48 0.73) (end 1.48 -0.73) (layer B.CrtYd) (width 0.05))
    (fp_line (start -1.48 0.73) (end 1.48 0.73) (layer B.CrtYd) (width 0.05))
    (fp_line (start -1.48 -0.73) (end -1.48 0.73) (layer B.CrtYd) (width 0.05))
    (fp_line (start -0.162779 -0.51) (end 0.162779 -0.51) (layer B.SilkS) (width 0.12))
    (fp_line (start -0.162779 0.51) (end 0.162779 0.51) (layer B.SilkS) (width 0.12))
    (fp_line (start 0.8 -0.4) (end -0.8 -0.4) (layer B.Fab) (width 0.1))
    (fp_line (start 0.8 0.4) (end 0.8 -0.4) (layer B.Fab) (width 0.1))
    (fp_line (start -0.8 0.4) (end 0.8 0.4) (layer B.Fab) (width 0.1))
    (fp_line (start -0.8 -0.4) (end -0.8 0.4) (layer B.Fab) (width 0.1))
    (pad 2 smd roundrect (at 0.7875 0 180) (size 0.875 0.95) (layers B.Cu B.Paste B.Mask) (roundrect_rratio 0.25)
      (net 149 GND))
    (pad 1 smd roundrect (at -0.7875 0 180) (size 0.875 0.95) (layers B.Cu B.Paste B.Mask) (roundrect_rratio 0.25)
      (net 27 "Net-(C10-Pad1)"))
    (model ${KISYS3DMOD}/Capacitor_SMD.3dshapes/C_0603_1608Metric.wrl
      (at (xyz 0 0 0))
      (scale (xyz 1 1 1))
      (rotate (xyz 0 0 0))
    )
  )

  (module Capacitor_SMD:C_0603_1608Metric (layer B.Cu) (tedit 5B301BBE) (tstamp 5C1A3A84)
    (at 108.875 124.313)
    (descr "Capacitor SMD 0603 (1608 Metric), square (rectangular) end terminal, IPC_7351 nominal, (Body size source: http://www.tortai-tech.com/upload/download/2011102023233369053.pdf), generated with kicad-footprint-generator")
    (tags capacitor)
    (path /5C04B8F2/5C76A73E)
    (attr smd)
    (fp_text reference C11 (at 0 -1.39732) (layer B.SilkS)
      (effects (font (size 0.75 1) (thickness 0.15)) (justify mirror))
    )
    (fp_text value 470p (at 0 -1.43) (layer B.Fab)
      (effects (font (size 0.75 1) (thickness 0.15)) (justify mirror))
    )
    (fp_line (start -0.8 -0.4) (end -0.8 0.4) (layer B.Fab) (width 0.1))
    (fp_line (start -0.8 0.4) (end 0.8 0.4) (layer B.Fab) (width 0.1))
    (fp_line (start 0.8 0.4) (end 0.8 -0.4) (layer B.Fab) (width 0.1))
    (fp_line (start 0.8 -0.4) (end -0.8 -0.4) (layer B.Fab) (width 0.1))
    (fp_line (start -0.162779 0.51) (end 0.162779 0.51) (layer B.SilkS) (width 0.12))
    (fp_line (start -0.162779 -0.51) (end 0.162779 -0.51) (layer B.SilkS) (width 0.12))
    (fp_line (start -1.48 -0.73) (end -1.48 0.73) (layer B.CrtYd) (width 0.05))
    (fp_line (start -1.48 0.73) (end 1.48 0.73) (layer B.CrtYd) (width 0.05))
    (fp_line (start 1.48 0.73) (end 1.48 -0.73) (layer B.CrtYd) (width 0.05))
    (fp_line (start 1.48 -0.73) (end -1.48 -0.73) (layer B.CrtYd) (width 0.05))
    (fp_text user %R (at 0 0) (layer B.Fab)
      (effects (font (size 0.4 0.4) (thickness 0.06)) (justify mirror))
    )
    (pad 1 smd roundrect (at -0.7875 0) (size 0.875 0.95) (layers B.Cu B.Paste B.Mask) (roundrect_rratio 0.25)
      (net 11 STA0))
    (pad 2 smd roundrect (at 0.7875 0) (size 0.875 0.95) (layers B.Cu B.Paste B.Mask) (roundrect_rratio 0.25)
      (net 132 "Net-(C11-Pad2)"))
    (model ${KISYS3DMOD}/Capacitor_SMD.3dshapes/C_0603_1608Metric.wrl
      (at (xyz 0 0 0))
      (scale (xyz 1 1 1))
      (rotate (xyz 0 0 0))
    )
  )

  (module Capacitor_SMD:C_0603_1608Metric (layer B.Cu) (tedit 5B301BBE) (tstamp 5C219662)
    (at 125.131 121.519 180)
    (descr "Capacitor SMD 0603 (1608 Metric), square (rectangular) end terminal, IPC_7351 nominal, (Body size source: http://www.tortai-tech.com/upload/download/2011102023233369053.pdf), generated with kicad-footprint-generator")
    (tags capacitor)
    (path /5C14AC01/5C777C22)
    (attr smd)
    (fp_text reference C12 (at 0 1.43 180) (layer B.SilkS)
      (effects (font (size 0.75 1) (thickness 0.15)) (justify mirror))
    )
    (fp_text value 100n (at 0 -1.43 180) (layer B.Fab)
      (effects (font (size 0.75 1) (thickness 0.15)) (justify mirror))
    )
    (fp_line (start -0.8 -0.4) (end -0.8 0.4) (layer B.Fab) (width 0.1))
    (fp_line (start -0.8 0.4) (end 0.8 0.4) (layer B.Fab) (width 0.1))
    (fp_line (start 0.8 0.4) (end 0.8 -0.4) (layer B.Fab) (width 0.1))
    (fp_line (start 0.8 -0.4) (end -0.8 -0.4) (layer B.Fab) (width 0.1))
    (fp_line (start -0.162779 0.51) (end 0.162779 0.51) (layer B.SilkS) (width 0.12))
    (fp_line (start -0.162779 -0.51) (end 0.162779 -0.51) (layer B.SilkS) (width 0.12))
    (fp_line (start -1.48 -0.73) (end -1.48 0.73) (layer B.CrtYd) (width 0.05))
    (fp_line (start -1.48 0.73) (end 1.48 0.73) (layer B.CrtYd) (width 0.05))
    (fp_line (start 1.48 0.73) (end 1.48 -0.73) (layer B.CrtYd) (width 0.05))
    (fp_line (start 1.48 -0.73) (end -1.48 -0.73) (layer B.CrtYd) (width 0.05))
    (fp_text user %R (at 0 0 180) (layer B.Fab)
      (effects (font (size 0.4 0.4) (thickness 0.06)) (justify mirror))
    )
