(kicad_pcb (version 20171130) (host pcbnew "(5.0.1-3-g963ef8bb5)")

  (general
    (thickness 1.6)
    (drawings 0)
    (tracks 0)
    (zones 0)
    (modules 194)
    (nets 137)
  )

  (page A4)
  (layers
    (0 F.Cu signal)
    (31 B.Cu signal)
    (32 B.Adhes user)
    (33 F.Adhes user)
    (34 B.Paste user)
    (35 F.Paste user)
    (36 B.SilkS user)
    (37 F.SilkS user)
    (38 B.Mask user)
    (39 F.Mask user)
    (40 Dwgs.User user)
    (41 Cmts.User user)
    (42 Eco1.User user)
    (43 Eco2.User user)
    (44 Edge.Cuts user)
    (45 Margin user)
    (46 B.CrtYd user)
    (47 F.CrtYd user)
    (48 B.Fab user)
    (49 F.Fab user)
  )

  (setup
    (last_trace_width 0.25)
    (trace_clearance 0.2)
    (zone_clearance 0.508)
    (zone_45_only no)
    (trace_min 0.2)
    (segment_width 0.2)
    (edge_width 0.15)
    (via_size 0.8)
    (via_drill 0.4)
    (via_min_size 0.4)
    (via_min_drill 0.3)
    (uvia_size 0.3)
    (uvia_drill 0.1)
    (uvias_allowed no)
    (uvia_min_size 0.2)
    (uvia_min_drill 0.1)
    (pcb_text_width 0.3)
    (pcb_text_size 1.5 1.5)
    (mod_edge_width 0.15)
    (mod_text_size 1 1)
    (mod_text_width 0.15)
    (pad_size 1.524 1.524)
    (pad_drill 0.762)
    (pad_to_mask_clearance 0.051)
    (solder_mask_min_width 0.25)
    (aux_axis_origin 0 0)
    (visible_elements FFFFFF7F)
    (pcbplotparams
      (layerselection 0x010fc_ffffffff)
      (usegerberextensions false)
      (usegerberattributes false)
      (usegerberadvancedattributes false)
      (creategerberjobfile false)
      (excludeedgelayer true)
      (linewidth 0.100000)
      (plotframeref false)
      (viasonmask false)
      (mode 1)
      (useauxorigin false)
      (hpglpennumber 1)
      (hpglpenspeed 20)
      (hpglpendiameter 15.000000)
      (psnegative false)
      (psa4output false)
      (plotreference true)
      (plotvalue true)
      (plotinvisibletext false)
      (padsonsilk false)
      (subtractmaskfromsilk false)
      (outputformat 1)
      (mirror false)
      (drillshape 1)
      (scaleselection 1)
      (outputdirectory ""))
  )

  (net 0 "")
  (net 1 "Net-(C18-Pad1)")
  (net 2 "Net-(R23-Pad2)")
  (net 3 CV2)
  (net 4 "Net-(C23-Pad1)")
  (net 5 "Net-(J-Inv5-PadT)")
  (net 6 "Net-(R38-Pad2)")
  (net 7 "Net-(R37-Pad2)")
  (net 8 "Net-(J-Inv4-PadT)")
  (net 9 +5V)
  (net 10 CLK0)
  (net 11 "Net-(J-Inv3-PadT)")
  (net 12 "Net-(J-Inv2-PadT)")
  (net 13 "Net-(C20-Pad1)")
  (net 14 "Net-(C19-Pad1)")
  (net 15 "Net-(J-Inv1-PadT)")
  (net 16 GND)
  (net 17 "Net-(C20-Pad2)")
  (net 18 "Net-(C48-Pad2)")
  (net 19 END1)
  (net 20 STA1)
  (net 21 "Net-(C47-Pad2)")
  (net 22 "Net-(R97-Pad1)")
  (net 23 "Net-(R96-Pad1)")
  (net 24 "Net-(J-Inv16-PadT)")
  (net 25 VRef-10)
  (net 26 "Net-(R93-Pad1)")
  (net 27 "Net-(J-Inv15-PadT)")
  (net 28 "Net-(R90-Pad1)")
  (net 29 "Net-(C42-Pad2)")
  (net 30 END0)
  (net 31 STA0)
  (net 32 "Net-(C41-Pad2)")
  (net 33 "Net-(R87-Pad1)")
  (net 34 "Net-(R86-Pad1)")
  (net 35 "Net-(J-Inv14-PadT)")
  (net 36 "Net-(R83-Pad1)")
  (net 37 "Net-(J-Inv13-PadT)")
  (net 38 "Net-(R80-Pad1)")
  (net 39 -12V)
  (net 40 RST1)
  (net 41 "Net-(J-Inv12-PadT)")
  (net 42 CLK1)
  (net 43 "Net-(J-Inv11-PadT)")
  (net 44 RST0)
  (net 45 "Net-(J-Inv10-PadT)")
  (net 46 "Net-(J-Inv9-PadT)")
  (net 47 "Net-(R72-Pad2)")
  (net 48 "Net-(R71-Pad2)")
  (net 49 "Net-(J-Inv8-PadT)")
  (net 50 "Net-(J-Inv7-PadT)")
  (net 51 "Net-(C34-Pad1)")
  (net 52 "Net-(C33-Pad1)")
  (net 53 "Net-(J-Inv6-PadT)")
  (net 54 "Net-(C34-Pad2)")
  (net 55 "Net-(C33-Pad2)")
  (net 56 "Net-(R64-Pad2)")
  (net 57 "Net-(R63-Pad2)")
  (net 58 "Net-(R59-Pad2)")
  (net 59 "Net-(R57-Pad2)")
  (net 60 "Net-(C19-Pad2)")
  (net 61 "Net-(C32-Pad1)")
  (net 62 "Net-(C31-Pad1)")
  (net 63 "Net-(R56-Pad1)")
  (net 64 "Net-(R55-Pad2)")
  (net 65 "Net-(R54-Pad1)")
  (net 66 "Net-(R53-Pad2)")
  (net 67 "Net-(C32-Pad2)")
  (net 68 "Net-(C31-Pad2)")
  (net 69 "Net-(R50-Pad2)")
  (net 70 "Net-(R49-Pad2)")
  (net 71 "Net-(C30-Pad1)")
  (net 72 "Net-(C29-Pad1)")
  (net 73 "Net-(C28-Pad1)")
  (net 74 "Net-(C27-Pad1)")
  (net 75 "Net-(C26-Pad1)")
  (net 76 "Net-(C25-Pad1)")
  (net 77 "Net-(C24-Pad1)")
  (net 78 "Net-(R28-Pad2)")
  (net 79 "Net-(R27-Pad2)")
  (net 80 "Net-(R21-Pad2)")
  (net 81 "Net-(D3-Pad2)")
  (net 82 "Net-(J2-Pad5)")
  (net 83 CV0)
  (net 84 "Net-(C9-Pad1)")
  (net 85 "Net-(C10-Pad1)")
  (net 86 CV1)
  (net 87 "Net-(C11-Pad1)")
  (net 88 "Net-(C12-Pad1)")
  (net 89 "Net-(C13-Pad1)")
  (net 90 "Net-(C14-Pad1)")
  (net 91 "Net-(C15-Pad1)")
  (net 92 "Net-(C16-Pad1)")
  (net 93 "Net-(C17-Pad2)")
  (net 94 "Net-(C18-Pad2)")
  (net 95 "Net-(R13-Pad2)")
  (net 96 "Net-(R14-Pad2)")
  (net 97 "Net-(C17-Pad1)")
  (net 98 "Net-(R17-Pad2)")
  (net 99 "Net-(R18-Pad1)")
  (net 100 "Net-(R19-Pad2)")
  (net 101 "Net-(R20-Pad1)")
  (net 102 CV3)
  (net 103 +12V)
  (net 104 TRIG0)
  (net 105 TRIG1)
  (net 106 TRIG2)
  (net 107 TRIG3)
  (net 108 "Net-(C39-Pad1)")
  (net 109 "Net-(C40-Pad1)")
  (net 110 "Net-(C46-Pad1)")
  (net 111 "Net-(C45-Pad1)")
  (net 112 /MCU328/PE0)
  (net 113 /MCU328/PE1)
  (net 114 "Net-(U2-Pad7)")
  (net 115 /MCU328/PB7)
  (net 116 /MCU328/PD7)
  (net 117 /MCU328/PE2)
  (net 118 "Net-(C6-Pad2)")
  (net 119 /MCU328/PE3)
  (net 120 SDA)
  (net 121 SCL)
  (net 122 /MCU328/PD1-TXD)
  (net 123 "Net-(J-Inv9-PadTN)")
  (net 124 "Net-(J-Inv8-PadTN)")
  (net 125 "Net-(J-Inv7-PadTN)")
  (net 126 "Net-(J-Inv6-PadTN)")
  (net 127 "Net-(J-Inv5-PadTN)")
  (net 128 "Net-(J-Inv4-PadTN)")
  (net 129 "Net-(J-Inv2-PadTN)")
  (net 130 "Net-(J-Inv1-PadTN)")
  (net 131 "Net-(D2-Pad1)")
  (net 132 "Net-(D1-Pad2)")
  (net 133 "Net-(Q1-Pad1)")
  (net 134 "Net-(Q4-Pad1)")
  (net 135 "Net-(Q3-Pad1)")
  (net 136 "Net-(Q2-Pad1)")

  (net_class Default "This is the default net class."
    (clearance 0.2)
    (trace_width 0.25)
    (via_dia 0.8)
    (via_drill 0.4)
    (uvia_dia 0.3)
    (uvia_drill 0.1)
    (add_net +12V)
    (add_net +5V)
    (add_net -12V)
    (add_net /MCU328/PB7)
    (add_net /MCU328/PD1-TXD)
    (add_net /MCU328/PD7)
    (add_net /MCU328/PE0)
    (add_net /MCU328/PE1)
    (add_net /MCU328/PE2)
    (add_net /MCU328/PE3)
    (add_net CLK0)
    (add_net CLK1)
    (add_net CV0)
    (add_net CV1)
    (add_net CV2)
    (add_net CV3)
    (add_net END0)
    (add_net END1)
    (add_net GND)
    (add_net "Net-(C10-Pad1)")
    (add_net "Net-(C11-Pad1)")
    (add_net "Net-(C12-Pad1)")
    (add_net "Net-(C13-Pad1)")
    (add_net "Net-(C14-Pad1)")
    (add_net "Net-(C15-Pad1)")
    (add_net "Net-(C16-Pad1)")
    (add_net "Net-(C17-Pad1)")
    (add_net "Net-(C17-Pad2)")
    (add_net "Net-(C18-Pad1)")
    (add_net "Net-(C18-Pad2)")
    (add_net "Net-(C19-Pad1)")
    (add_net "Net-(C19-Pad2)")
    (add_net "Net-(C20-Pad1)")
    (add_net "Net-(C20-Pad2)")
    (add_net "Net-(C23-Pad1)")
    (add_net "Net-(C24-Pad1)")
    (add_net "Net-(C25-Pad1)")
    (add_net "Net-(C26-Pad1)")
    (add_net "Net-(C27-Pad1)")
    (add_net "Net-(C28-Pad1)")
    (add_net "Net-(C29-Pad1)")
    (add_net "Net-(C30-Pad1)")
    (add_net "Net-(C31-Pad1)")
    (add_net "Net-(C31-Pad2)")
    (add_net "Net-(C32-Pad1)")
    (add_net "Net-(C32-Pad2)")
    (add_net "Net-(C33-Pad1)")
    (add_net "Net-(C33-Pad2)")
    (add_net "Net-(C34-Pad1)")
    (add_net "Net-(C34-Pad2)")
    (add_net "Net-(C39-Pad1)")
    (add_net "Net-(C40-Pad1)")
    (add_net "Net-(C41-Pad2)")
    (add_net "Net-(C42-Pad2)")
    (add_net "Net-(C45-Pad1)")
    (add_net "Net-(C46-Pad1)")
    (add_net "Net-(C47-Pad2)")
    (add_net "Net-(C48-Pad2)")
    (add_net "Net-(C6-Pad2)")
    (add_net "Net-(C9-Pad1)")
    (add_net "Net-(D1-Pad2)")
    (add_net "Net-(D2-Pad1)")
    (add_net "Net-(D3-Pad2)")
    (add_net "Net-(J-Inv1-PadT)")
    (add_net "Net-(J-Inv1-PadTN)")
    (add_net "Net-(J-Inv10-PadT)")
    (add_net "Net-(J-Inv11-PadT)")
    (add_net "Net-(J-Inv12-PadT)")
    (add_net "Net-(J-Inv13-PadT)")
    (add_net "Net-(J-Inv14-PadT)")
    (add_net "Net-(J-Inv15-PadT)")
    (add_net "Net-(J-Inv16-PadT)")
    (add_net "Net-(J-Inv2-PadT)")
    (add_net "Net-(J-Inv2-PadTN)")
    (add_net "Net-(J-Inv3-PadT)")
    (add_net "Net-(J-Inv4-PadT)")
    (add_net "Net-(J-Inv4-PadTN)")
    (add_net "Net-(J-Inv5-PadT)")
    (add_net "Net-(J-Inv5-PadTN)")
    (add_net "Net-(J-Inv6-PadT)")
    (add_net "Net-(J-Inv6-PadTN)")
    (add_net "Net-(J-Inv7-PadT)")
    (add_net "Net-(J-Inv7-PadTN)")
    (add_net "Net-(J-Inv8-PadT)")
    (add_net "Net-(J-Inv8-PadTN)")
    (add_net "Net-(J-Inv9-PadT)")
    (add_net "Net-(J-Inv9-PadTN)")
    (add_net "Net-(J2-Pad5)")
    (add_net "Net-(Q1-Pad1)")
    (add_net "Net-(Q2-Pad1)")
    (add_net "Net-(Q3-Pad1)")
    (add_net "Net-(Q4-Pad1)")
    (add_net "Net-(R13-Pad2)")
    (add_net "Net-(R14-Pad2)")
    (add_net "Net-(R17-Pad2)")
    (add_net "Net-(R18-Pad1)")
    (add_net "Net-(R19-Pad2)")
    (add_net "Net-(R20-Pad1)")
    (add_net "Net-(R21-Pad2)")
    (add_net "Net-(R23-Pad2)")
    (add_net "Net-(R27-Pad2)")
    (add_net "Net-(R28-Pad2)")
    (add_net "Net-(R37-Pad2)")
    (add_net "Net-(R38-Pad2)")
    (add_net "Net-(R49-Pad2)")
    (add_net "Net-(R50-Pad2)")
    (add_net "Net-(R53-Pad2)")
    (add_net "Net-(R54-Pad1)")
    (add_net "Net-(R55-Pad2)")
    (add_net "Net-(R56-Pad1)")
    (add_net "Net-(R57-Pad2)")
    (add_net "Net-(R59-Pad2)")
    (add_net "Net-(R63-Pad2)")
    (add_net "Net-(R64-Pad2)")
    (add_net "Net-(R71-Pad2)")
    (add_net "Net-(R72-Pad2)")
    (add_net "Net-(R80-Pad1)")
    (add_net "Net-(R83-Pad1)")
    (add_net "Net-(R86-Pad1)")
    (add_net "Net-(R87-Pad1)")
    (add_net "Net-(R90-Pad1)")
    (add_net "Net-(R93-Pad1)")
    (add_net "Net-(R96-Pad1)")
    (add_net "Net-(R97-Pad1)")
    (add_net "Net-(U2-Pad7)")
    (add_net RST0)
    (add_net RST1)
    (add_net SCL)
    (add_net SDA)
    (add_net STA0)
    (add_net STA1)
    (add_net TRIG0)
    (add_net TRIG1)
    (add_net TRIG2)
    (add_net TRIG3)
    (add_net VRef-10)
  )

  (module Button_Switch_THT:SW_PUSH_6mm_H9.5mm (layer F.Cu) (tedit 5A02FE31) (tstamp 5C1D6A05)
    (at 150.494001 88.445001)
    (descr "tactile push button, 6x6mm e.g. PHAP33xx series, height=9.5mm")
    (tags "tact sw push 6mm")
    (path /5C0205ED/5BAD54C1)
    (fp_text reference SW1 (at 3.25 -2) (layer F.SilkS)
      (effects (font (size 1 1) (thickness 0.15)))
    )
    (fp_text value SW_Push (at 3.75 6.7) (layer F.Fab)
      (effects (font (size 1 1) (thickness 0.15)))
    )
    (fp_text user %R (at 3.25 2.25) (layer F.Fab)
      (effects (font (size 1 1) (thickness 0.15)))
    )
    (fp_line (start 3.25 -0.75) (end 6.25 -0.75) (layer F.Fab) (width 0.1))
    (fp_line (start 6.25 -0.75) (end 6.25 5.25) (layer F.Fab) (width 0.1))
    (fp_line (start 6.25 5.25) (end 0.25 5.25) (layer F.Fab) (width 0.1))
    (fp_line (start 0.25 5.25) (end 0.25 -0.75) (layer F.Fab) (width 0.1))
    (fp_line (start 0.25 -0.75) (end 3.25 -0.75) (layer F.Fab) (width 0.1))
    (fp_line (start 7.75 6) (end 8 6) (layer F.CrtYd) (width 0.05))
    (fp_line (start 8 6) (end 8 5.75) (layer F.CrtYd) (width 0.05))
    (fp_line (start 7.75 -1.5) (end 8 -1.5) (layer F.CrtYd) (width 0.05))
    (fp_line (start 8 -1.5) (end 8 -1.25) (layer F.CrtYd) (width 0.05))
    (fp_line (start -1.5 -1.25) (end -1.5 -1.5) (layer F.CrtYd) (width 0.05))
    (fp_line (start -1.5 -1.5) (end -1.25 -1.5) (layer F.CrtYd) (width 0.05))
    (fp_line (start -1.5 5.75) (end -1.5 6) (layer F.CrtYd) (width 0.05))
    (fp_line (start -1.5 6) (end -1.25 6) (layer F.CrtYd) (width 0.05))
    (fp_line (start -1.25 -1.5) (end 7.75 -1.5) (layer F.CrtYd) (width 0.05))
    (fp_line (start -1.5 5.75) (end -1.5 -1.25) (layer F.CrtYd) (width 0.05))
    (fp_line (start 7.75 6) (end -1.25 6) (layer F.CrtYd) (width 0.05))
    (fp_line (start 8 -1.25) (end 8 5.75) (layer F.CrtYd) (width 0.05))
    (fp_line (start 1 5.5) (end 5.5 5.5) (layer F.SilkS) (width 0.12))
    (fp_line (start -0.25 1.5) (end -0.25 3) (layer F.SilkS) (width 0.12))
    (fp_line (start 5.5 -1) (end 1 -1) (layer F.SilkS) (width 0.12))
    (fp_line (start 6.75 3) (end 6.75 1.5) (layer F.SilkS) (width 0.12))
    (fp_circle (center 3.25 2.25) (end 1.25 2.5) (layer F.Fab) (width 0.1))
    (pad 2 thru_hole circle (at 0 4.5 90) (size 2 2) (drill 1.1) (layers *.Cu *.Mask)
      (net 16 GND))
    (pad 1 thru_hole circle (at 0 0 90) (size 2 2) (drill 1.1) (layers *.Cu *.Mask)
      (net 82 "Net-(J2-Pad5)"))
    (pad 2 thru_hole circle (at 6.5 4.5 90) (size 2 2) (drill 1.1) (layers *.Cu *.Mask)
      (net 16 GND))
    (pad 1 thru_hole circle (at 6.5 0 90) (size 2 2) (drill 1.1) (layers *.Cu *.Mask)
      (net 82 "Net-(J2-Pad5)"))
    (model ${KISYS3DMOD}/Button_Switch_THT.3dshapes/SW_PUSH_6mm_H9.5mm.wrl
      (at (xyz 0 0 0))
      (scale (xyz 1 1 1))
      (rotate (xyz 0 0 0))
    )
  )

  (module Capacitor_SMD:CP_Elec_4x5.8 (layer F.Cu) (tedit 5B3026A2) (tstamp 5C1D69E6)
    (at 198.874001 119.235001)
    (descr "SMT capacitor, aluminium electrolytic, 4x5.8, Panasonic ")
    (tags "Capacitor Electrolytic")
    (path /5C020543/5B8C4434)
    (attr smd)
    (fp_text reference C1 (at 0 -3.2) (layer F.SilkS)
      (effects (font (size 1 1) (thickness 0.15)))
    )
    (fp_text value 10u (at 0 3.2) (layer F.Fab)
      (effects (font (size 1 1) (thickness 0.15)))
    )
    (fp_circle (center 0 0) (end 2 0) (layer F.Fab) (width 0.1))
    (fp_line (start 2.15 -2.15) (end 2.15 2.15) (layer F.Fab) (width 0.1))
    (fp_line (start -1.15 -2.15) (end 2.15 -2.15) (layer F.Fab) (width 0.1))
    (fp_line (start -1.15 2.15) (end 2.15 2.15) (layer F.Fab) (width 0.1))
    (fp_line (start -2.15 -1.15) (end -2.15 1.15) (layer F.Fab) (width 0.1))
    (fp_line (start -2.15 -1.15) (end -1.15 -2.15) (layer F.Fab) (width 0.1))
    (fp_line (start -2.15 1.15) (end -1.15 2.15) (layer F.Fab) (width 0.1))
    (fp_line (start -1.574773 -1) (end -1.174773 -1) (layer F.Fab) (width 0.1))
    (fp_line (start -1.374773 -1.2) (end -1.374773 -0.8) (layer F.Fab) (width 0.1))
    (fp_line (start 2.26 2.26) (end 2.26 1.06) (layer F.SilkS) (width 0.12))
    (fp_line (start 2.26 -2.26) (end 2.26 -1.06) (layer F.SilkS) (width 0.12))
    (fp_line (start -1.195563 -2.26) (end 2.26 -2.26) (layer F.SilkS) (width 0.12))
    (fp_line (start -1.195563 2.26) (end 2.26 2.26) (layer F.SilkS) (width 0.12))
    (fp_line (start -2.26 1.195563) (end -2.26 1.06) (layer F.SilkS) (width 0.12))
    (fp_line (start -2.26 -1.195563) (end -2.26 -1.06) (layer F.SilkS) (width 0.12))
    (fp_line (start -2.26 -1.195563) (end -1.195563 -2.26) (layer F.SilkS) (width 0.12))
    (fp_line (start -2.26 1.195563) (end -1.195563 2.26) (layer F.SilkS) (width 0.12))
    (fp_line (start -3 -1.56) (end -2.5 -1.56) (layer F.SilkS) (width 0.12))
    (fp_line (start -2.75 -1.81) (end -2.75 -1.31) (layer F.SilkS) (width 0.12))
    (fp_line (start 2.4 -2.4) (end 2.4 -1.05) (layer F.CrtYd) (width 0.05))
    (fp_line (start 2.4 -1.05) (end 3.35 -1.05) (layer F.CrtYd) (width 0.05))
    (fp_line (start 3.35 -1.05) (end 3.35 1.05) (layer F.CrtYd) (width 0.05))
    (fp_line (start 3.35 1.05) (end 2.4 1.05) (layer F.CrtYd) (width 0.05))
    (fp_line (start 2.4 1.05) (end 2.4 2.4) (layer F.CrtYd) (width 0.05))
    (fp_line (start -1.25 2.4) (end 2.4 2.4) (layer F.CrtYd) (width 0.05))
    (fp_line (start -1.25 -2.4) (end 2.4 -2.4) (layer F.CrtYd) (width 0.05))
    (fp_line (start -2.4 1.25) (end -1.25 2.4) (layer F.CrtYd) (width 0.05))
    (fp_line (start -2.4 -1.25) (end -1.25 -2.4) (layer F.CrtYd) (width 0.05))
    (fp_line (start -2.4 -1.25) (end -2.4 -1.05) (layer F.CrtYd) (width 0.05))
    (fp_line (start -2.4 1.05) (end -2.4 1.25) (layer F.CrtYd) (width 0.05))
    (fp_line (start -2.4 -1.05) (end -3.35 -1.05) (layer F.CrtYd) (width 0.05))
    (fp_line (start -3.35 -1.05) (end -3.35 1.05) (layer F.CrtYd) (width 0.05))
    (fp_line (start -3.35 1.05) (end -2.4 1.05) (layer F.CrtYd) (width 0.05))
    (fp_text user %R (at 0 0) (layer F.Fab)
      (effects (font (size 0.8 0.8) (thickness 0.12)))
    )
    (pad 1 smd rect (at -1.8 0) (size 2.6 1.6) (layers F.Cu F.Paste F.Mask)
      (net 103 +12V))
    (pad 2 smd rect (at 1.8 0) (size 2.6 1.6) (layers F.Cu F.Paste F.Mask)
      (net 16 GND))
    (model ${KISYS3DMOD}/Capacitor_SMD.3dshapes/CP_Elec_4x5.8.wrl
      (at (xyz 0 0 0))
      (scale (xyz 1 1 1))
      (rotate (xyz 0 0 0))
    )
  )

  (module Capacitor_SMD:CP_Elec_4x5.8 (layer F.Cu) (tedit 5B3026A2) (tstamp 5C1D69BE)
    (at 209.424001 114.275001)
    (descr "SMT capacitor, aluminium electrolytic, 4x5.8, Panasonic ")
    (tags "Capacitor Electrolytic")
    (path /5C020543/5B8C4452)
    (attr smd)
    (fp_text reference C2 (at 0 -3.2) (layer F.SilkS)
      (effects (font (size 1 1) (thickness 0.15)))
    )
    (fp_text value 10u (at 0 3.2) (layer F.Fab)
      (effects (font (size 1 1) (thickness 0.15)))
    )
    (fp_text user %R (at 0 0) (layer F.Fab)
      (effects (font (size 0.8 0.8) (thickness 0.12)))
    )
    (fp_line (start -3.35 1.05) (end -2.4 1.05) (layer F.CrtYd) (width 0.05))
    (fp_line (start -3.35 -1.05) (end -3.35 1.05) (layer F.CrtYd) (width 0.05))
    (fp_line (start -2.4 -1.05) (end -3.35 -1.05) (layer F.CrtYd) (width 0.05))
    (fp_line (start -2.4 1.05) (end -2.4 1.25) (layer F.CrtYd) (width 0.05))
    (fp_line (start -2.4 -1.25) (end -2.4 -1.05) (layer F.CrtYd) (width 0.05))
    (fp_line (start -2.4 -1.25) (end -1.25 -2.4) (layer F.CrtYd) (width 0.05))
    (fp_line (start -2.4 1.25) (end -1.25 2.4) (layer F.CrtYd) (width 0.05))
    (fp_line (start -1.25 -2.4) (end 2.4 -2.4) (layer F.CrtYd) (width 0.05))
    (fp_line (start -1.25 2.4) (end 2.4 2.4) (layer F.CrtYd) (width 0.05))
    (fp_line (start 2.4 1.05) (end 2.4 2.4) (layer F.CrtYd) (width 0.05))
    (fp_line (start 3.35 1.05) (end 2.4 1.05) (layer F.CrtYd) (width 0.05))
    (fp_line (start 3.35 -1.05) (end 3.35 1.05) (layer F.CrtYd) (width 0.05))
    (fp_line (start 2.4 -1.05) (end 3.35 -1.05) (layer F.CrtYd) (width 0.05))
    (fp_line (start 2.4 -2.4) (end 2.4 -1.05) (layer F.CrtYd) (width 0.05))
    (fp_line (start -2.75 -1.81) (end -2.75 -1.31) (layer F.SilkS) (width 0.12))
    (fp_line (start -3 -1.56) (end -2.5 -1.56) (layer F.SilkS) (width 0.12))
    (fp_line (start -2.26 1.195563) (end -1.195563 2.26) (layer F.SilkS) (width 0.12))
    (fp_line (start -2.26 -1.195563) (end -1.195563 -2.26) (layer F.SilkS) (width 0.12))
    (fp_line (start -2.26 -1.195563) (end -2.26 -1.06) (layer F.SilkS) (width 0.12))
    (fp_line (start -2.26 1.195563) (end -2.26 1.06) (layer F.SilkS) (width 0.12))
    (fp_line (start -1.195563 2.26) (end 2.26 2.26) (layer F.SilkS) (width 0.12))
    (fp_line (start -1.195563 -2.26) (end 2.26 -2.26) (layer F.SilkS) (width 0.12))
    (fp_line (start 2.26 -2.26) (end 2.26 -1.06) (layer F.SilkS) (width 0.12))
    (fp_line (start 2.26 2.26) (end 2.26 1.06) (layer F.SilkS) (width 0.12))
    (fp_line (start -1.374773 -1.2) (end -1.374773 -0.8) (layer F.Fab) (width 0.1))
    (fp_line (start -1.574773 -1) (end -1.174773 -1) (layer F.Fab) (width 0.1))
    (fp_line (start -2.15 1.15) (end -1.15 2.15) (layer F.Fab) (width 0.1))
    (fp_line (start -2.15 -1.15) (end -1.15 -2.15) (layer F.Fab) (width 0.1))
    (fp_line (start -2.15 -1.15) (end -2.15 1.15) (layer F.Fab) (width 0.1))
    (fp_line (start -1.15 2.15) (end 2.15 2.15) (layer F.Fab) (width 0.1))
    (fp_line (start -1.15 -2.15) (end 2.15 -2.15) (layer F.Fab) (width 0.1))
    (fp_line (start 2.15 -2.15) (end 2.15 2.15) (layer F.Fab) (width 0.1))
    (fp_circle (center 0 0) (end 2 0) (layer F.Fab) (width 0.1))
    (pad 2 smd rect (at 1.8 0) (size 2.6 1.6) (layers F.Cu F.Paste F.Mask)
      (net 39 -12V))
    (pad 1 smd rect (at -1.8 0) (size 2.6 1.6) (layers F.Cu F.Paste F.Mask)
      (net 16 GND))
    (model ${KISYS3DMOD}/Capacitor_SMD.3dshapes/CP_Elec_4x5.8.wrl
      (at (xyz 0 0 0))
      (scale (xyz 1 1 1))
      (rotate (xyz 0 0 0))
    )
  )

  (module Capacitor_SMD:CP_Elec_4x5.8 (layer F.Cu) (tedit 5B3026A2) (tstamp 5C1D6996)
    (at 205.624001 119.235001)
    (descr "SMT capacitor, aluminium electrolytic, 4x5.8, Panasonic ")
    (tags "Capacitor Electrolytic")
    (path /5C020543/5B8C4492)
    (attr smd)
    (fp_text reference C5 (at 0 -3.2) (layer F.SilkS)
      (effects (font (size 1 1) (thickness 0.15)))
    )
    (fp_text value 10u (at 0 3.2) (layer F.Fab)
      (effects (font (size 1 1) (thickness 0.15)))
    )
    (fp_circle (center 0 0) (end 2 0) (layer F.Fab) (width 0.1))
    (fp_line (start 2.15 -2.15) (end 2.15 2.15) (layer F.Fab) (width 0.1))
    (fp_line (start -1.15 -2.15) (end 2.15 -2.15) (layer F.Fab) (width 0.1))
    (fp_line (start -1.15 2.15) (end 2.15 2.15) (layer F.Fab) (width 0.1))
    (fp_line (start -2.15 -1.15) (end -2.15 1.15) (layer F.Fab) (width 0.1))
    (fp_line (start -2.15 -1.15) (end -1.15 -2.15) (layer F.Fab) (width 0.1))
    (fp_line (start -2.15 1.15) (end -1.15 2.15) (layer F.Fab) (width 0.1))
    (fp_line (start -1.574773 -1) (end -1.174773 -1) (layer F.Fab) (width 0.1))
    (fp_line (start -1.374773 -1.2) (end -1.374773 -0.8) (layer F.Fab) (width 0.1))
    (fp_line (start 2.26 2.26) (end 2.26 1.06) (layer F.SilkS) (width 0.12))
    (fp_line (start 2.26 -2.26) (end 2.26 -1.06) (layer F.SilkS) (width 0.12))
    (fp_line (start -1.195563 -2.26) (end 2.26 -2.26) (layer F.SilkS) (width 0.12))
    (fp_line (start -1.195563 2.26) (end 2.26 2.26) (layer F.SilkS) (width 0.12))
    (fp_line (start -2.26 1.195563) (end -2.26 1.06) (layer F.SilkS) (width 0.12))
    (fp_line (start -2.26 -1.195563) (end -2.26 -1.06) (layer F.SilkS) (width 0.12))
    (fp_line (start -2.26 -1.195563) (end -1.195563 -2.26) (layer F.SilkS) (width 0.12))
    (fp_line (start -2.26 1.195563) (end -1.195563 2.26) (layer F.SilkS) (width 0.12))
    (fp_line (start -3 -1.56) (end -2.5 -1.56) (layer F.SilkS) (width 0.12))
    (fp_line (start -2.75 -1.81) (end -2.75 -1.31) (layer F.SilkS) (width 0.12))
    (fp_line (start 2.4 -2.4) (end 2.4 -1.05) (layer F.CrtYd) (width 0.05))
    (fp_line (start 2.4 -1.05) (end 3.35 -1.05) (layer F.CrtYd) (width 0.05))
    (fp_line (start 3.35 -1.05) (end 3.35 1.05) (layer F.CrtYd) (width 0.05))
    (fp_line (start 3.35 1.05) (end 2.4 1.05) (layer F.CrtYd) (width 0.05))
    (fp_line (start 2.4 1.05) (end 2.4 2.4) (layer F.CrtYd) (width 0.05))
    (fp_line (start -1.25 2.4) (end 2.4 2.4) (layer F.CrtYd) (width 0.05))
    (fp_line (start -1.25 -2.4) (end 2.4 -2.4) (layer F.CrtYd) (width 0.05))
    (fp_line (start -2.4 1.25) (end -1.25 2.4) (layer F.CrtYd) (width 0.05))
    (fp_line (start -2.4 -1.25) (end -1.25 -2.4) (layer F.CrtYd) (width 0.05))
    (fp_line (start -2.4 -1.25) (end -2.4 -1.05) (layer F.CrtYd) (width 0.05))
    (fp_line (start -2.4 1.05) (end -2.4 1.25) (layer F.CrtYd) (width 0.05))
    (fp_line (start -2.4 -1.05) (end -3.35 -1.05) (layer F.CrtYd) (width 0.05))
    (fp_line (start -3.35 -1.05) (end -3.35 1.05) (layer F.CrtYd) (width 0.05))
    (fp_line (start -3.35 1.05) (end -2.4 1.05) (layer F.CrtYd) (width 0.05))
    (fp_text user %R (at 0 0) (layer F.Fab)
      (effects (font (size 0.8 0.8) (thickness 0.12)))
    )
    (pad 1 smd rect (at -1.8 0) (size 2.6 1.6) (layers F.Cu F.Paste F.Mask)
      (net 9 +5V))
    (pad 2 smd rect (at 1.8 0) (size 2.6 1.6) (layers F.Cu F.Paste F.Mask)
      (net 16 GND))
    (model ${KISYS3DMOD}/Capacitor_SMD.3dshapes/CP_Elec_4x5.8.wrl
      (at (xyz 0 0 0))
      (scale (xyz 1 1 1))
      (rotate (xyz 0 0 0))
    )
  )

  (module Capacitor_SMD:C_0603_1608Metric (layer F.Cu) (tedit 5B301BBE) (tstamp 5C1D696E)
    (at 200.014001 125.065001)
    (descr "Capacitor SMD 0603 (1608 Metric), square (rectangular) end terminal, IPC_7351 nominal, (Body size source: http://www.tortai-tech.com/upload/download/2011102023233369053.pdf), generated with kicad-footprint-generator")
    (tags capacitor)
    (path /5C020543/5B8C44DC)
    (attr smd)
    (fp_text reference C4 (at 0 -1.43) (layer F.SilkS)
      (effects (font (size 1 1) (thickness 0.15)))
    )
    (fp_text value 100n (at 0 1.43) (layer F.Fab)
      (effects (font (size 1 1) (thickness 0.15)))
    )
    (fp_line (start -0.8 0.4) (end -0.8 -0.4) (layer F.Fab) (width 0.1))
    (fp_line (start -0.8 -0.4) (end 0.8 -0.4) (layer F.Fab) (width 0.1))
    (fp_line (start 0.8 -0.4) (end 0.8 0.4) (layer F.Fab) (width 0.1))
    (fp_line (start 0.8 0.4) (end -0.8 0.4) (layer F.Fab) (width 0.1))
    (fp_line (start -0.162779 -0.51) (end 0.162779 -0.51) (layer F.SilkS) (width 0.12))
    (fp_line (start -0.162779 0.51) (end 0.162779 0.51) (layer F.SilkS) (width 0.12))
    (fp_line (start -1.48 0.73) (end -1.48 -0.73) (layer F.CrtYd) (width 0.05))
    (fp_line (start -1.48 -0.73) (end 1.48 -0.73) (layer F.CrtYd) (width 0.05))
    (fp_line (start 1.48 -0.73) (end 1.48 0.73) (layer F.CrtYd) (width 0.05))
    (fp_line (start 1.48 0.73) (end -1.48 0.73) (layer F.CrtYd) (width 0.05))
    (fp_text user %R (at 0 0) (layer F.Fab)
      (effects (font (size 0.4 0.4) (thickness 0.06)))
    )
    (pad 1 smd roundrect (at -0.7875 0) (size 0.875 0.95) (layers F.Cu F.Paste F.Mask) (roundrect_rratio 0.25)
      (net 9 +5V))
    (pad 2 smd roundrect (at 0.7875 0) (size 0.875 0.95) (layers F.Cu F.Paste F.Mask) (roundrect_rratio 0.25)
      (net 16 GND))
    (model ${KISYS3DMOD}/Capacitor_SMD.3dshapes/C_0603_1608Metric.wrl
      (at (xyz 0 0 0))
      (scale (xyz 1 1 1))
      (rotate (xyz 0 0 0))
    )
  )

  (module Capacitor_SMD:C_0603_1608Metric (layer F.Cu) (tedit 5B301BBE) (tstamp 5C1D695D)
    (at 142.834001 98.325001)
    (descr "Capacitor SMD 0603 (1608 Metric), square (rectangular) end terminal, IPC_7351 nominal, (Body size source: http://www.tortai-tech.com/upload/download/2011102023233369053.pdf), generated with kicad-footprint-generator")
    (tags capacitor)
    (path /5C0205ED/5B9B7324)
    (attr smd)
    (fp_text reference C6 (at 0 -1.43) (layer F.SilkS)
      (effects (font (size 1 1) (thickness 0.15)))
    )
    (fp_text value 100n (at 0 1.43) (layer F.Fab)
      (effects (font (size 1 1) (thickness 0.15)))
    )
    (fp_text user %R (at 0 0) (layer F.Fab)
      (effects (font (size 0.4 0.4) (thickness 0.06)))
    )
    (fp_line (start 1.48 0.73) (end -1.48 0.73) (layer F.CrtYd) (width 0.05))
    (fp_line (start 1.48 -0.73) (end 1.48 0.73) (layer F.CrtYd) (width 0.05))
    (fp_line (start -1.48 -0.73) (end 1.48 -0.73) (layer F.CrtYd) (width 0.05))
    (fp_line (start -1.48 0.73) (end -1.48 -0.73) (layer F.CrtYd) (width 0.05))
    (fp_line (start -0.162779 0.51) (end 0.162779 0.51) (layer F.SilkS) (width 0.12))
    (fp_line (start -0.162779 -0.51) (end 0.162779 -0.51) (layer F.SilkS) (width 0.12))
    (fp_line (start 0.8 0.4) (end -0.8 0.4) (layer F.Fab) (width 0.1))
    (fp_line (start 0.8 -0.4) (end 0.8 0.4) (layer F.Fab) (width 0.1))
    (fp_line (start -0.8 -0.4) (end 0.8 -0.4) (layer F.Fab) (width 0.1))
    (fp_line (start -0.8 0.4) (end -0.8 -0.4) (layer F.Fab) (width 0.1))
    (pad 2 smd roundrect (at 0.7875 0) (size 0.875 0.95) (layers F.Cu F.Paste F.Mask) (roundrect_rratio 0.25)
      (net 118 "Net-(C6-Pad2)"))
    (pad 1 smd roundrect (at -0.7875 0) (size 0.875 0.95) (layers F.Cu F.Paste F.Mask) (roundrect_rratio 0.25)
      (net 16 GND))
    (model ${KISYS3DMOD}/Capacitor_SMD.3dshapes/C_0603_1608Metric.wrl
      (at (xyz 0 0 0))
      (scale (xyz 1 1 1))
      (rotate (xyz 0 0 0))
    )
  )

  (module Capacitor_SMD:C_0603_1608Metric (layer F.Cu) (tedit 5B301BBE) (tstamp 5C1D694C)
    (at 139.824001 99.835001)
    (descr "Capacitor SMD 0603 (1608 Metric), square (rectangular) end terminal, IPC_7351 nominal, (Body size source: http://www.tortai-tech.com/upload/download/2011102023233369053.pdf), generated with kicad-footprint-generator")
    (tags capacitor)
    (path /5C0205ED/5BAD54BB)
    (attr smd)
    (fp_text reference C7 (at 0 -1.43) (layer F.SilkS)
      (effects (font (size 1 1) (thickness 0.15)))
    )
    (fp_text value 100n (at 0 1.43) (layer F.Fab)
      (effects (font (size 1 1) (thickness 0.15)))
    )
    (fp_line (start -0.8 0.4) (end -0.8 -0.4) (layer F.Fab) (width 0.1))
    (fp_line (start -0.8 -0.4) (end 0.8 -0.4) (layer F.Fab) (width 0.1))
    (fp_line (start 0.8 -0.4) (end 0.8 0.4) (layer F.Fab) (width 0.1))
    (fp_line (start 0.8 0.4) (end -0.8 0.4) (layer F.Fab) (width 0.1))
    (fp_line (start -0.162779 -0.51) (end 0.162779 -0.51) (layer F.SilkS) (width 0.12))
    (fp_line (start -0.162779 0.51) (end 0.162779 0.51) (layer F.SilkS) (width 0.12))
    (fp_line (start -1.48 0.73) (end -1.48 -0.73) (layer F.CrtYd) (width 0.05))
    (fp_line (start -1.48 -0.73) (end 1.48 -0.73) (layer F.CrtYd) (width 0.05))
    (fp_line (start 1.48 -0.73) (end 1.48 0.73) (layer F.CrtYd) (width 0.05))
    (fp_line (start 1.48 0.73) (end -1.48 0.73) (layer F.CrtYd) (width 0.05))
    (fp_text user %R (at 0 0) (layer F.Fab)
      (effects (font (size 0.4 0.4) (thickness 0.06)))
    )
    (pad 1 smd roundrect (at -0.7875 0) (size 0.875 0.95) (layers F.Cu F.Paste F.Mask) (roundrect_rratio 0.25)
      (net 9 +5V))
    (pad 2 smd roundrect (at 0.7875 0) (size 0.875 0.95) (layers F.Cu F.Paste F.Mask) (roundrect_rratio 0.25)
      (net 16 GND))
    (model ${KISYS3DMOD}/Capacitor_SMD.3dshapes/C_0603_1608Metric.wrl
      (at (xyz 0 0 0))
      (scale (xyz 1 1 1))
      (rotate (xyz 0 0 0))
    )
  )

  (module Capacitor_SMD:C_0603_1608Metric (layer F.Cu) (tedit 5B301BBE) (tstamp 5C1D693B)
    (at 145.844001 98.325001)
    (descr "Capacitor SMD 0603 (1608 Metric), square (rectangular) end terminal, IPC_7351 nominal, (Body size source: http://www.tortai-tech.com/upload/download/2011102023233369053.pdf), generated with kicad-footprint-generator")
    (tags capacitor)
    (path /5C0205ED/5BAD54BC)
    (attr smd)
    (fp_text reference C8 (at 0 -1.43) (layer F.SilkS)
      (effects (font (size 1 1) (thickness 0.15)))
    )
    (fp_text value 100n (at 0 1.43) (layer F.Fab)
      (effects (font (size 1 1) (thickness 0.15)))
    )
    (fp_text user %R (at 0 0) (layer F.Fab)
      (effects (font (size 0.4 0.4) (thickness 0.06)))
    )
    (fp_line (start 1.48 0.73) (end -1.48 0.73) (layer F.CrtYd) (width 0.05))
    (fp_line (start 1.48 -0.73) (end 1.48 0.73) (layer F.CrtYd) (width 0.05))
    (fp_line (start -1.48 -0.73) (end 1.48 -0.73) (layer F.CrtYd) (width 0.05))
    (fp_line (start -1.48 0.73) (end -1.48 -0.73) (layer F.CrtYd) (width 0.05))
    (fp_line (start -0.162779 0.51) (end 0.162779 0.51) (layer F.SilkS) (width 0.12))
    (fp_line (start -0.162779 -0.51) (end 0.162779 -0.51) (layer F.SilkS) (width 0.12))
    (fp_line (start 0.8 0.4) (end -0.8 0.4) (layer F.Fab) (width 0.1))
    (fp_line (start 0.8 -0.4) (end 0.8 0.4) (layer F.Fab) (width 0.1))
    (fp_line (start -0.8 -0.4) (end 0.8 -0.4) (layer F.Fab) (width 0.1))
    (fp_line (start -0.8 0.4) (end -0.8 -0.4) (layer F.Fab) (width 0.1))
    (pad 2 smd roundrect (at 0.7875 0) (size 0.875 0.95) (layers F.Cu F.Paste F.Mask) (roundrect_rratio 0.25)
      (net 9 +5V))
    (pad 1 smd roundrect (at -0.7875 0) (size 0.875 0.95) (layers F.Cu F.Paste F.Mask) (roundrect_rratio 0.25)
      (net 16 GND))
    (model ${KISYS3DMOD}/Capacitor_SMD.3dshapes/C_0603_1608Metric.wrl
      (at (xyz 0 0 0))
      (scale (xyz 1 1 1))
      (rotate (xyz 0 0 0))
    )
  )

  (module Capacitor_SMD:C_0603_1608Metric (layer F.Cu) (tedit 5B301BBE) (tstamp 5C1D692A)
    (at 150.284001 75.855001)
    (descr "Capacitor SMD 0603 (1608 Metric), square (rectangular) end terminal, IPC_7351 nominal, (Body size source: http://www.tortai-tech.com/upload/download/2011102023233369053.pdf), generated with kicad-footprint-generator")
    (tags capacitor)
    (path /5C66B34F/5C66BA58)
    (attr smd)
    (fp_text reference C9 (at 0 -1.43) (layer F.SilkS)
      (effects (font (size 1 1) (thickness 0.15)))
    )
    (fp_text value 47n (at 0 1.43) (layer F.Fab)
      (effects (font (size 1 1) (thickness 0.15)))
    )
    (fp_line (start -0.8 0.4) (end -0.8 -0.4) (layer F.Fab) (width 0.1))
    (fp_line (start -0.8 -0.4) (end 0.8 -0.4) (layer F.Fab) (width 0.1))
    (fp_line (start 0.8 -0.4) (end 0.8 0.4) (layer F.Fab) (width 0.1))
    (fp_line (start 0.8 0.4) (end -0.8 0.4) (layer F.Fab) (width 0.1))
    (fp_line (start -0.162779 -0.51) (end 0.162779 -0.51) (layer F.SilkS) (width 0.12))
    (fp_line (start -0.162779 0.51) (end 0.162779 0.51) (layer F.SilkS) (width 0.12))
    (fp_line (start -1.48 0.73) (end -1.48 -0.73) (layer F.CrtYd) (width 0.05))
    (fp_line (start -1.48 -0.73) (end 1.48 -0.73) (layer F.CrtYd) (width 0.05))
    (fp_line (start 1.48 -0.73) (end 1.48 0.73) (layer F.CrtYd) (width 0.05))
    (fp_line (start 1.48 0.73) (end -1.48 0.73) (layer F.CrtYd) (width 0.05))
    (fp_text user %R (at 0 0) (layer F.Fab)
      (effects (font (size 0.4 0.4) (thickness 0.06)))
    )
    (pad 1 smd roundrect (at -0.7875 0) (size 0.875 0.95) (layers F.Cu F.Paste F.Mask) (roundrect_rratio 0.25)
      (net 84 "Net-(C9-Pad1)"))
    (pad 2 smd roundrect (at 0.7875 0) (size 0.875 0.95) (layers F.Cu F.Paste F.Mask) (roundrect_rratio 0.25)
      (net 16 GND))
    (model ${KISYS3DMOD}/Capacitor_SMD.3dshapes/C_0603_1608Metric.wrl
      (at (xyz 0 0 0))
      (scale (xyz 1 1 1))
      (rotate (xyz 0 0 0))
    )
  )

  (module Capacitor_SMD:C_0603_1608Metric (layer F.Cu) (tedit 5B301BBE) (tstamp 5C1D6919)
    (at 147.274001 78.875001)
    (descr "Capacitor SMD 0603 (1608 Metric), square (rectangular) end terminal, IPC_7351 nominal, (Body size source: http://www.tortai-tech.com/upload/download/2011102023233369053.pdf), generated with kicad-footprint-generator")
    (tags capacitor)
    (path /5C66B34F/5C66BB80)
    (attr smd)
    (fp_text reference C10 (at 0 -1.43) (layer F.SilkS)
      (effects (font (size 1 1) (thickness 0.15)))
    )
    (fp_text value 47n (at 0 1.43) (layer F.Fab)
      (effects (font (size 1 1) (thickness 0.15)))
    )
    (fp_text user %R (at 0 0) (layer F.Fab)
      (effects (font (size 0.4 0.4) (thickness 0.06)))
    )
    (fp_line (start 1.48 0.73) (end -1.48 0.73) (layer F.CrtYd) (width 0.05))
    (fp_line (start 1.48 -0.73) (end 1.48 0.73) (layer F.CrtYd) (width 0.05))
    (fp_line (start -1.48 -0.73) (end 1.48 -0.73) (layer F.CrtYd) (width 0.05))
    (fp_line (start -1.48 0.73) (end -1.48 -0.73) (layer F.CrtYd) (width 0.05))
    (fp_line (start -0.162779 0.51) (end 0.162779 0.51) (layer F.SilkS) (width 0.12))
    (fp_line (start -0.162779 -0.51) (end 0.162779 -0.51) (layer F.SilkS) (width 0.12))
    (fp_line (start 0.8 0.4) (end -0.8 0.4) (layer F.Fab) (width 0.1))
    (fp_line (start 0.8 -0.4) (end 0.8 0.4) (layer F.Fab) (width 0.1))
    (fp_line (start -0.8 -0.4) (end 0.8 -0.4) (layer F.Fab) (width 0.1))
    (fp_line (start -0.8 0.4) (end -0.8 -0.4) (layer F.Fab) (width 0.1))
    (pad 2 smd roundrect (at 0.7875 0) (size 0.875 0.95) (layers F.Cu F.Paste F.Mask) (roundrect_rratio 0.25)
      (net 16 GND))
    (pad 1 smd roundrect (at -0.7875 0) (size 0.875 0.95) (layers F.Cu F.Paste F.Mask) (roundrect_rratio 0.25)
      (net 85 "Net-(C10-Pad1)"))
    (model ${KISYS3DMOD}/Capacitor_SMD.3dshapes/C_0603_1608Metric.wrl
      (at (xyz 0 0 0))
      (scale (xyz 1 1 1))
      (rotate (xyz 0 0 0))
    )
  )

  (module Capacitor_SMD:C_0603_1608Metric (layer F.Cu) (tedit 5B301BBE) (tstamp 5C1D6908)
    (at 156.304001 80.385001)
    (descr "Capacitor SMD 0603 (1608 Metric), square (rectangular) end terminal, IPC_7351 nominal, (Body size source: http://www.tortai-tech.com/upload/download/2011102023233369053.pdf), generated with kicad-footprint-generator")
    (tags capacitor)
    (path /5C66B34F/5C66BA5F)
    (attr smd)
    (fp_text reference C11 (at 0 -1.43) (layer F.SilkS)
      (effects (font (size 1 1) (thickness 0.15)))
    )
    (fp_text value 47n (at 0 1.43) (layer F.Fab)
      (effects (font (size 1 1) (thickness 0.15)))
    )
    (fp_line (start -0.8 0.4) (end -0.8 -0.4) (layer F.Fab) (width 0.1))
    (fp_line (start -0.8 -0.4) (end 0.8 -0.4) (layer F.Fab) (width 0.1))
    (fp_line (start 0.8 -0.4) (end 0.8 0.4) (layer F.Fab) (width 0.1))
    (fp_line (start 0.8 0.4) (end -0.8 0.4) (layer F.Fab) (width 0.1))
    (fp_line (start -0.162779 -0.51) (end 0.162779 -0.51) (layer F.SilkS) (width 0.12))
    (fp_line (start -0.162779 0.51) (end 0.162779 0.51) (layer F.SilkS) (width 0.12))
    (fp_line (start -1.48 0.73) (end -1.48 -0.73) (layer F.CrtYd) (width 0.05))
    (fp_line (start -1.48 -0.73) (end 1.48 -0.73) (layer F.CrtYd) (width 0.05))
    (fp_line (start 1.48 -0.73) (end 1.48 0.73) (layer F.CrtYd) (width 0.05))
    (fp_line (start 1.48 0.73) (end -1.48 0.73) (layer F.CrtYd) (width 0.05))
    (fp_text user %R (at 0 0) (layer F.Fab)
      (effects (font (size 0.4 0.4) (thickness 0.06)))
    )
    (pad 1 smd roundrect (at -0.7875 0) (size 0.875 0.95) (layers F.Cu F.Paste F.Mask) (roundrect_rratio 0.25)
      (net 87 "Net-(C11-Pad1)"))
    (pad 2 smd roundrect (at 0.7875 0) (size 0.875 0.95) (layers F.Cu F.Paste F.Mask) (roundrect_rratio 0.25)
      (net 16 GND))
    (model ${KISYS3DMOD}/Capacitor_SMD.3dshapes/C_0603_1608Metric.wrl
      (at (xyz 0 0 0))
      (scale (xyz 1 1 1))
      (rotate (xyz 0 0 0))
    )
  )

  (module Capacitor_SMD:C_0603_1608Metric (layer F.Cu) (tedit 5B301BBE) (tstamp 5C1D68F7)
    (at 94.934001 107.165001)
    (descr "Capacitor SMD 0603 (1608 Metric), square (rectangular) end terminal, IPC_7351 nominal, (Body size source: http://www.tortai-tech.com/upload/download/2011102023233369053.pdf), generated with kicad-footprint-generator")
    (tags capacitor)
    (path /5C04D08B/5C770724)
    (attr smd)
    (fp_text reference C48 (at 0 -1.43) (layer F.SilkS)
      (effects (font (size 1 1) (thickness 0.15)))
    )
    (fp_text value 470p (at 0 1.43) (layer F.Fab)
      (effects (font (size 1 1) (thickness 0.15)))
    )
    (fp_text user %R (at 0 0) (layer F.Fab)
      (effects (font (size 0.4 0.4) (thickness 0.06)))
    )
    (fp_line (start 1.48 0.73) (end -1.48 0.73) (layer F.CrtYd) (width 0.05))
    (fp_line (start 1.48 -0.73) (end 1.48 0.73) (layer F.CrtYd) (width 0.05))
    (fp_line (start -1.48 -0.73) (end 1.48 -0.73) (layer F.CrtYd) (width 0.05))
    (fp_line (start -1.48 0.73) (end -1.48 -0.73) (layer F.CrtYd) (width 0.05))
    (fp_line (start -0.162779 0.51) (end 0.162779 0.51) (layer F.SilkS) (width 0.12))
    (fp_line (start -0.162779 -0.51) (end 0.162779 -0.51) (layer F.SilkS) (width 0.12))
    (fp_line (start 0.8 0.4) (end -0.8 0.4) (layer F.Fab) (width 0.1))
    (fp_line (start 0.8 -0.4) (end 0.8 0.4) (layer F.Fab) (width 0.1))
    (fp_line (start -0.8 -0.4) (end 0.8 -0.4) (layer F.Fab) (width 0.1))
    (fp_line (start -0.8 0.4) (end -0.8 -0.4) (layer F.Fab) (width 0.1))
    (pad 2 smd roundrect (at 0.7875 0) (size 0.875 0.95) (layers F.Cu F.Paste F.Mask) (roundrect_rratio 0.25)
      (net 18 "Net-(C48-Pad2)"))
    (pad 1 smd roundrect (at -0.7875 0) (size 0.875 0.95) (layers F.Cu F.Paste F.Mask) (roundrect_rratio 0.25)
      (net 19 END1))
    (model ${KISYS3DMOD}/Capacitor_SMD.3dshapes/C_0603_1608Metric.wrl
      (at (xyz 0 0 0))
      (scale (xyz 1 1 1))
      (rotate (xyz 0 0 0))
    )
  )

  (module Capacitor_SMD:C_0603_1608Metric (layer F.Cu) (tedit 5B301BBE) (tstamp 5C1D68E6)
    (at 87.484001 115.005001)
    (descr "Capacitor SMD 0603 (1608 Metric), square (rectangular) end terminal, IPC_7351 nominal, (Body size source: http://www.tortai-tech.com/upload/download/2011102023233369053.pdf), generated with kicad-footprint-generator")
    (tags capacitor)
    (path /5C04D08B/5C76A73E)
    (attr smd)
    (fp_text reference C47 (at 0 -1.43) (layer F.SilkS)
      (effects (font (size 1 1) (thickness 0.15)))
    )
    (fp_text value 470p (at 0 1.43) (layer F.Fab)
      (effects (font (size 1 1) (thickness 0.15)))
    )
    (fp_line (start -0.8 0.4) (end -0.8 -0.4) (layer F.Fab) (width 0.1))
    (fp_line (start -0.8 -0.4) (end 0.8 -0.4) (layer F.Fab) (width 0.1))
    (fp_line (start 0.8 -0.4) (end 0.8 0.4) (layer F.Fab) (width 0.1))
    (fp_line (start 0.8 0.4) (end -0.8 0.4) (layer F.Fab) (width 0.1))
    (fp_line (start -0.162779 -0.51) (end 0.162779 -0.51) (layer F.SilkS) (width 0.12))
    (fp_line (start -0.162779 0.51) (end 0.162779 0.51) (layer F.SilkS) (width 0.12))
